44929,37.126308,0.537437,0.230657,0.291137,0.337926,0.317647,0.336639
44929,37.008312,0.537437,0.230657,0.310052,0.353167,0.314864,0.336737
44929,36.846329,0.537437,0.230657,0.297071,0.336966,0.311044,0.336872
44929,36.702343,0.537437,0.230657,0.367295,0.308686,0.307648,0.336991
44929,36.543362,0.537437,0.230657,0.344258,0.329844,0.303899,0.337124
44929,36.373383,0.537437,0.230657,0.367257,0.326331,0.299890,0.337265
44929,36.062397,0.537437,0.230657,0.313920,0.325487,0.292556,0.337523
44929,35.957401,0.537437,0.230657,0.286271,0.347741,0.290080,0.337611
44929,35.807419,0.537437,0.230657,0.336112,0.331167,0.286543,0.337736
44929,35.724442,0.537437,0.230657,0.221170,0.338553,0.284586,0.337804
44929,35.569454,0.537437,0.230657,0.221170,0.338553,0.280931,0.337933
-1,-0.023583,0.219790,0.000832,-0.105982,0.000000,0.280931,0.337933
