32065,24.364336,0.537421,0.230660,0.333235,0.340515,0.333019,0.340713
32065,24.221331,0.537419,0.230660,0.333235,0.340515,0.334171,0.339701
32065,24.073322,0.537418,0.230661,0.320978,0.342398,0.335363,0.338653
32065,23.928318,0.537416,0.230661,0.333235,0.340515,0.336531,0.337627
32065,23.781313,0.537414,0.230662,0.247194,0.325641,0.337714,0.336587
32065,23.625305,0.537412,0.230662,0.388273,0.331751,0.338970,0.335483
32065,23.470297,0.537409,0.230662,0.377468,0.333481,0.340217,0.334386
32065,23.393286,0.537408,0.230663,0.367257,0.326331,0.340837,0.333841
32065,23.243277,0.537405,0.230664,0.367257,0.326331,0.342044,0.332780
32065,23.089270,0.537402,0.230664,0.286271,0.347741,0.343282,0.331690
32065,22.948261,0.537399,0.230665,0.336144,0.313261,0.344416,0.330693
32065,22.801250,0.537395,0.230666,0.320978,0.342398,0.345598,0.329653
32065,22.650242,0.537391,0.230667,0.355743,0.345832,0.346812,0.328584
-1,0.008064,0.204401,-0.007080,-0.110053,0.000000,0.346812,0.328584
