101747,94.245567,-0.774573,-0.440765,0.247845,-0.358009,0.253001,-0.348298,101743
101747,94.158577,-0.764741,-0.483229,-0.149801,-0.504245,0.215426,-0.368243,101650
101747,93.982590,-0.753720,-0.564752,0.230820,-0.407259,0.130539,-0.404211,101476
101747,93.880608,-0.749866,-0.583295,0.355460,-0.293656,0.078816,-0.396354,101379
101747,93.712624,-0.741927,-0.573142,0.355460,-0.293656,-0.004791,-0.342717,101210
101747,93.614632,-0.734658,-0.515364,0.113030,-0.249419,-0.050924,-0.259572,101112
101747,93.511642,-0.725426,-0.426107,0.187297,-0.140316,-0.097819,-0.143655,101009
101747,93.412659,-0.715477,-0.320519,-0.211481,-0.010589,-0.141813,-0.012444,100910
101747,93.307671,-0.704210,-0.198158,-0.751565,0.252143,-0.187761,0.137094,100806
101747,93.212685,-0.693552,-0.083887,-0.356206,0.483119,-0.228868,0.275954,100704
101747,93.114693,-0.682244,0.032721,-0.356206,0.483119,-0.270963,0.417928,100606
101747,93.013702,-0.670389,0.146969,-0.318065,0.579411,-0.314144,0.558318,100505
101747,92.914711,-0.658880,0.250380,-0.479900,0.575936,-0.356582,0.687354,100406
101747,92.811722,-0.647152,0.347000,-0.295315,0.625391,-0.400981,0.810634,100303
101747,92.712723,-0.636069,0.433277,-0.321635,0.667455,-0.443850,0.922538,100204
-1,-0.544971,-1.027575,0.258861,-0.092467,0.000000,0.000000,0.000000,0.000000
