71646,64.147781,-4.349393,1.317876,-0.218403,0.173957,-0.229689,0.297427,71642
71646,63.782822,-3.978766,1.319402,0.107468,0.267114,-0.016957,0.290929,71271
71646,63.616844,-3.833033,1.335957,0.052221,0.314663,0.056969,0.303835,71105
71646,63.526871,-3.765071,1.348247,0.052221,0.314663,0.086005,0.314146,71022
71646,63.344883,-3.641534,1.376557,0.153534,0.338295,0.130807,0.338455,70839
71646,63.251915,-3.591154,1.393100,0.039876,0.406783,0.140967,0.352954,70740
71646,63.144943,-3.541952,1.411001,0.412841,0.289189,0.143889,0.368502,70639
71646,63.051975,-3.507807,1.421459,0.074175,0.383193,0.137812,0.376917,70540
71646,62.951008,-3.480175,1.424063,0.087257,0.387034,0.121762,0.377300,70439
71646,62.851036,-3.461567,1.417097,0.232660,0.300385,0.097118,0.368136,70339
71646,62.752068,-3.449816,1.402436,0.232660,0.300385,0.066053,0.351300,70240
71646,62.651100,-3.442282,1.381521,0.273565,0.330475,0.029904,0.328164,70140
71646,62.549129,-3.438084,1.355430,-0.050839,0.233848,-0.010014,0.299831,70038
71646,62.449158,-3.436434,1.326287,-0.050839,0.233848,-0.051615,0.268490,69937
71646,62.347187,-3.435656,1.294750,-0.304673,0.251886,-0.094953,0.234711,69842
-1,-0.432636,-4.119704,-0.021988,1.020448,0.000000,0.000000,0.000000,0.000000
