35936,28.235548,0.537435,0.230657,0.297280,0.336936,0.370397,0.335875
35936,28.081535,0.537435,0.230657,0.366828,0.335170,0.364346,0.335787
35936,27.937529,0.537435,0.230657,0.366828,0.335170,0.358687,0.335704
35936,27.790520,0.537435,0.230657,0.320978,0.342398,0.352911,0.335619
35936,27.636513,0.537435,0.230657,0.333235,0.340515,0.346859,0.335530
35936,27.482504,0.537434,0.230657,0.388461,0.331722,0.340808,0.335442
35936,27.330492,0.537434,0.230657,0.336077,0.349073,0.334835,0.335354
35936,27.187485,0.537434,0.230657,0.261880,0.323661,0.329216,0.335272
35936,27.039480,0.537434,0.230657,0.377512,0.315923,0.323400,0.335186
35936,26.892475,0.537433,0.230657,0.310094,0.335050,0.317624,0.335102
35936,26.740467,0.537433,0.230657,0.284406,0.338814,0.311651,0.335014
35936,26.588457,0.537432,0.230658,0.333039,0.340544,0.305677,0.334927
35936,26.449450,0.537432,0.230658,0.300066,0.327476,0.300215,0.334847
-1,-0.039292,0.167038,-0.000576,-0.105218,0.000000,0.300215,0.334847
