68670,60.960854,0.537437,0.230657,0.258723,0.351820,0.322989,0.326813
68670,60.814869,0.537437,0.230657,0.320812,0.324400,0.325043,0.327775
68670,60.664883,0.537437,0.230657,0.377310,0.315953,0.327152,0.328764
68670,60.583900,0.537437,0.230657,0.344043,0.329876,0.328292,0.329297
68670,60.439915,0.537437,0.230657,0.344043,0.329876,0.330317,0.330246
68670,60.289932,0.537437,0.230657,0.345248,0.338652,0.332427,0.331235
68670,60.138947,0.537437,0.230657,0.272234,0.349828,0.334551,0.332230
68670,59.990959,0.537437,0.230657,0.296907,0.318774,0.336633,0.333205
68670,59.915977,0.537437,0.230657,0.284182,0.338846,0.337687,0.333699
68670,59.762993,0.537437,0.230657,0.284182,0.338846,0.339839,0.334707
68670,59.617008,0.537437,0.230657,0.359302,0.327455,0.341893,0.335669
68670,59.471024,0.537437,0.230657,0.344088,0.312038,0.343947,0.336631
68670,59.329037,0.537437,0.230657,0.284133,0.357170,0.345944,0.337567
68670,59.176048,0.537437,0.230657,0.366828,0.335170,0.348096,0.338575
-1,0.014067,0.214448,0.006590,-0.096157,0.000000,0.348096,0.338575
