75151,67.658455,-6.630104,1.558619,-0.609693,-0.057113,-0.843458,-0.091869,75147
75151,67.479462,-6.473002,1.716372,-0.771065,0.261912,-0.786624,0.074888,74974
75151,67.210487,-6.239780,1.893656,-0.608583,0.268430,-0.704077,0.265702,74705
75151,67.131500,-6.180712,1.920310,-0.872828,0.258217,-0.689256,0.296329,74620
75151,66.950508,-6.057624,1.953052,-0.560689,0.291368,-0.667557,0.338175,74440
75151,66.860519,-6.007695,1.949181,-0.701994,0.277802,-0.668038,0.338831,74350
75151,66.680527,-5.917990,1.927744,-1.275522,0.286519,-0.679162,0.326448,74176
75151,66.597542,-5.879394,1.914735,-1.048674,0.276717,-0.687052,0.317613,74086
75151,66.418549,-5.795765,1.885404,-0.725460,0.261491,-0.703692,0.297286,73913
75151,66.327568,-5.751641,1.868953,-0.658552,0.292161,-0.710534,0.285411,73816
75151,66.151581,-5.665482,1.835042,-0.673063,0.333320,-0.722959,0.260353,73640
75151,66.063591,-5.623489,1.813005,-0.757045,0.277987,-0.730257,0.242742,73552
75151,65.882599,-5.538806,1.760930,-0.743985,0.199891,-0.746962,0.199770,73371
75151,65.784607,-5.493707,1.728774,-0.627378,0.215884,-0.756757,0.172544,73273
-1,-0.560182,-5.786646,0.050302,1.650488,0.000000,0.000000,0.000000,0.000000
