83277,75.784561,-7.985874,2.109105,-0.372365,0.253674,0.114915,0.147640,83274
83277,75.682579,-7.885865,2.201211,0.179905,0.355460,0.160640,0.217875,83178
83277,75.516586,-7.716856,2.339916,0.271732,0.319685,0.241291,0.320979,83012
83277,75.226601,-7.408707,2.538429,0.138737,0.396197,0.395083,0.457301,82812
83277,75.156624,-7.351311,2.572550,0.483568,0.444779,0.415231,0.476415,82652
83277,74.980629,-7.224134,2.645480,0.553268,0.492112,0.448727,0.511601,82476
83277,74.885651,-7.170335,2.665815,0.255546,0.546533,0.451969,0.511566,82375
83277,74.715660,-7.081932,2.677117,0.259375,0.514862,0.449888,0.486411,82205
83277,74.627670,-7.034293,2.653795,0.490136,0.428644,0.450690,0.444219,82117
83277,74.449677,-6.934711,2.572664,0.256341,0.317695,0.455527,0.324915,81941
83277,74.362694,-6.882388,2.513090,0.484576,0.240506,0.461550,0.246686,81852
83277,74.180702,-6.768257,2.374050,0.377745,0.157891,0.478807,0.068616,81676
83277,73.913750,-6.585743,2.143087,0.720694,-0.218210,0.519224,-0.219599,81403
-1,-0.532294,-8.100789,-0.214463,1.961465,0.000000,0.000000,0.000000,0.000000
