0,20.396194,-12.314010,2.608206,-1.588449,0.629007,-1.587101,0.917135
1,20.124168,-12.196176,2.673317,-1.791578,1.045949,-1.430189,0.942570
2,20.026157,-12.142084,2.699080,-1.106882,0.926490,-1.362018,0.954037
3,19.858147,-12.038730,2.745526,-1.367356,1.022892,-1.234527,0.975979
4,19.768135,-11.974614,2.772634,-1.457891,0.982483,-1.157481,0.989958
5,19.590126,-11.837822,2.828948,-0.731814,0.964437,-0.995117,1.020308
6,19.504112,-11.763137,2.858490,-0.676051,0.999379,-0.908076,1.037305
7,19.320105,-11.593704,2.924032,-0.680950,1.122043,-0.712209,1.076009
8,19.232092,-11.505282,2.955175,-0.471436,1.111927,-0.611144,1.094314
9,19.058086,-11.322636,3.010736,-0.559198,1.269390,-0.403500,1.124495
10,18.965078,-11.216707,3.027248,-0.608086,1.252175,-0.284211,1.127442
11,18.792070,-11.011281,3.042011,-0.053607,1.039121,-0.053931,1.116970
12,18.697058,-10.896008,3.030280,0.133163,0.947275,0.074991,1.091381
13,18.527054,-10.695351,2.985706,0.006893,1.021570,0.300070,1.022012
-1,0.143656,-10.726909,-0.145855,1.691070,0.000000,0.300070,1.022012
