39700,31.999769,0.537437,0.230657,0.286311,0.329433,0.328878,0.341609
39700,31.852762,0.537437,0.230657,0.333039,0.340544,0.329302,0.340250
39700,31.698753,0.537437,0.230657,0.286085,0.347768,0.329746,0.338827
39700,31.536745,0.537437,0.230657,0.366828,0.335170,0.330214,0.337329
39700,31.390736,0.537437,0.230657,0.367295,0.308686,0.330635,0.335980
39700,31.241728,0.537437,0.230657,0.344258,0.329844,0.331065,0.334603
39700,31.163717,0.537437,0.230657,0.314041,0.343552,0.331290,0.333882
39700,31.030708,0.537437,0.230657,0.314041,0.343552,0.331673,0.332652
39700,30.898699,0.537437,0.230657,0.333235,0.340515,0.332054,0.331432
39700,30.722689,0.537437,0.230657,0.310094,0.335050,0.332562,0.329806
39700,30.570681,0.537437,0.230657,0.355787,0.328091,0.333000,0.328401
39700,30.421673,0.537437,0.230657,0.370373,0.299473,0.333430,0.327024
39700,30.273663,0.537436,0.230657,0.333277,0.322587,0.333857,0.325656
-1,0.002885,0.208559,-0.009242,-0.110952,0.000000,0.333857,0.325656
