33420,25.713413,0.537429,0.230658,0.252258,0.334289,0.335565,0.320763
33420,25.489407,0.537428,0.230658,0.345428,0.338624,0.335090,0.323361
33420,25.337395,0.537427,0.230659,0.357780,0.318972,0.334767,0.325124
33420,25.262384,0.537427,0.230659,0.300066,0.327476,0.334608,0.325994
33420,25.129379,0.537426,0.230659,0.300066,0.327476,0.334326,0.327536
33420,24.977371,0.537425,0.230659,0.419419,0.318040,0.334003,0.329299
33420,24.827360,0.537424,0.230659,0.355587,0.328121,0.333684,0.331039
33420,24.679354,0.537423,0.230660,0.377512,0.315923,0.333370,0.332756
33420,24.438349,0.537421,0.230660,0.321023,0.324370,0.332858,0.335551
33420,24.364336,0.537421,0.230660,0.333235,0.340515,0.332701,0.336409
33420,24.221331,0.537419,0.230660,0.333235,0.340515,0.332397,0.338068
33420,24.073322,0.537418,0.230661,0.320978,0.342398,0.332082,0.339785
33420,23.928318,0.537416,0.230661,0.333235,0.340515,0.331773,0.341466
-1,-0.002117,0.201864,0.011596,-0.090105,0.000000,0.331773,0.341466
