37983,30.273663,0.537436,0.230657,0.333277,0.322587,0.340162,0.337582
37983,30.115656,0.537436,0.230657,0.388746,0.340354,0.340512,0.336601
37983,29.960646,0.537436,0.230657,0.377512,0.315923,0.340856,0.335638
37983,29.824638,0.537436,0.230657,0.309902,0.335077,0.341157,0.334793
37983,29.684631,0.537436,0.230657,0.309902,0.335077,0.341467,0.333923
37983,29.516621,0.537436,0.230657,0.309902,0.335077,0.341840,0.332879
37983,29.358612,0.537436,0.230657,0.388501,0.314256,0.342190,0.331897
37983,29.214603,0.537436,0.230657,0.355787,0.328091,0.342509,0.331003
37983,28.949593,0.537436,0.230657,0.355787,0.328091,0.343096,0.329356
37983,28.858593,0.537436,0.230657,0.247154,0.344255,0.343297,0.328791
37983,28.709583,0.537436,0.230657,0.344258,0.329844,0.343627,0.327865
37983,28.549572,0.537436,0.230657,0.345467,0.320796,0.343982,0.326871
-1,0.002216,0.197274,-0.006213,-0.106926,0.000000,0.343982,0.326871
