75248,67.749428,-6.706667,1.481527,-0.512573,-0.166383,-0.740684,-0.168433,75245
75248,67.658455,-6.630104,1.558619,-0.609693,-0.057113,-0.723246,-0.086952,75147
75248,67.479462,-6.473002,1.716372,-0.771065,0.261912,-0.682475,0.079440,74974
75248,67.210487,-6.239780,1.893656,-0.608583,0.268430,-0.624064,0.269703,74705
75248,67.131500,-6.180712,1.920310,-0.872828,0.258217,-0.616331,0.300168,74620
75248,66.950508,-6.057624,1.953052,-0.560689,0.291368,-0.610873,0.341644,74440
75248,66.860519,-6.007695,1.949181,-0.701994,0.277802,-0.619430,0.342116,74350
75248,66.680527,-5.917990,1.927744,-1.275522,0.286519,-0.646705,0.329364,74176
75248,66.597542,-5.879394,1.914735,-1.048674,0.276717,-0.662042,0.320360,74086
75248,66.418549,-5.795765,1.885404,-0.725460,0.261491,-0.694744,0.299666,73913
75248,66.327568,-5.751641,1.868953,-0.658552,0.292161,-0.709750,0.287606,73816
75248,66.151581,-5.665482,1.835042,-0.673063,0.333320,-0.737968,0.262187,73640
75248,66.063591,-5.623489,1.813005,-0.757045,0.277987,-0.753162,0.244396,73552
75248,65.882599,-5.538806,1.760930,-0.743985,0.199891,-0.786108,0.201054,73371
-1,-0.649918,-5.965983,0.048256,1.649960,0.000000,0.000000,0.000000,0.000000
