0,5.165990,-2.365555,1.312693,-0.152448,0.349011,-0.297203,0.356097
1,4.991992,-2.258727,1.266671,-0.572317,0.398707,-0.272447,0.365787
2,4.897995,-2.210330,1.239039,-0.524417,0.391625,-0.268387,0.368253
3,4.725996,-2.129685,1.185885,-0.585261,0.429860,-0.268871,0.370171
4,4.624000,-2.086836,1.151605,-0.210838,0.326997,-0.274132,0.368551
5,4.460001,-2.020030,1.093888,-0.146372,0.318533,-0.284681,0.363345
6,4.362005,-1.977719,1.056322,-0.251623,0.395907,-0.288593,0.357156
7,4.191007,-1.900288,0.987669,0.009490,0.304489,-0.291819,0.343257
8,4.088010,-1.849181,0.942459,-0.022919,0.329573,-0.289295,0.331026
9,3.926012,-1.764753,0.868344,-0.362962,0.305680,-0.281278,0.308781
10,3.841011,-1.717032,0.828005,-0.278550,0.249357,-0.273651,0.295659
11,3.656010,-1.608443,0.742135,-0.568609,0.340858,-0.252324,0.269025
12,3.569008,-1.553274,0.708138,-0.311610,0.286619,-0.238193,0.262886
13,3.391007,-1.435490,0.646642,-0.107580,0.259282,-0.204368,0.258384
-1,-0.471684,-2.068352,0.320194,0.956597,0.000000,-0.204368,0.258384
