20608,12.900859,0.530487,0.232214,0.335150,0.322218,0.300970,0.322981
20608,12.754859,0.529952,0.232334,0.404698,0.302975,0.298718,0.320630
20608,12.611858,0.529386,0.232460,0.286085,0.347768,0.296470,0.318337
20608,12.467859,0.528774,0.232597,0.205377,0.283905,0.294164,0.316038
20608,12.312860,0.528063,0.232757,0.345349,0.267266,0.291630,0.313574
20608,12.142862,0.527219,0.232946,0.285358,0.347875,0.288787,0.310886
20608,11.982864,0.526353,0.233140,-0.624982,0.422101,0.286039,0.308373
20608,11.766865,0.525062,0.233429,0.129598,0.360444,0.282207,0.305007
20608,11.615867,0.524075,0.233650,0.488438,0.248432,0.279445,0.302673
20608,11.466867,0.523024,0.233885,0.399924,0.260344,0.276641,0.300387
20608,11.314868,0.521868,0.234144,0.285830,0.292889,0.273697,0.298074
20608,11.169869,0.520679,0.234411,0.271078,0.303903,0.270802,0.295887
20608,11.021871,0.519370,0.234704,0.203514,0.293545,0.267753,0.293675
-1,-0.011762,0.229517,-0.016922,-0.090767,0.000000,0.267753,0.293675
