101213,93.712624,-0.741927,-0.573142,0.355460,-0.293656,0.165378,-0.292011,101210
101213,93.614632,-0.734658,-0.515364,0.113030,-0.249419,0.095521,-0.228481,101112
101213,93.511642,-0.725426,-0.426107,0.187297,-0.140316,0.023693,-0.133179,101009
101213,93.412659,-0.715477,-0.320519,-0.211481,-0.010589,-0.044265,-0.021781,100910
101213,93.307671,-0.704210,-0.198158,-0.751565,0.252143,-0.115631,0.106742,100806
101213,93.212685,-0.693552,-0.083887,-0.356206,0.483119,-0.179734,0.226589,100704
101213,93.114693,-0.682244,0.032721,-0.356206,0.483119,-0.245553,0.348949,100606
101213,93.013702,-0.670389,0.146969,-0.318065,0.579411,-0.313184,0.469125,100505
101213,92.914711,-0.658880,0.250380,-0.479900,0.575936,-0.379588,0.578346,100406
101213,92.811722,-0.647152,0.347000,-0.295315,0.625391,-0.448921,0.681011,100303
101213,92.712723,-0.636069,0.433277,-0.321635,0.667455,-0.515757,0.773099,100204
-1,-0.787071,-0.907305,0.058697,-0.281131,0.000000,0.000000,0.000000,0.000000
