76660,69.161255,-7.345988,1.827272,-1.679725,-0.444165,-1.672099,-0.536554,76656
76660,68.979271,-7.357669,1.697433,-2.117815,-0.581668,-1.632787,-0.573528,76473
76660,68.894295,-7.342247,1.635187,-1.632834,-0.620542,-1.593554,-0.592410,76389
76660,68.717300,-7.288864,1.504251,-0.870307,-0.553936,-1.490577,-0.633027,76206
76660,68.525337,-7.204342,1.367608,-0.731718,-0.822774,-1.352267,-0.671712,76021
76660,68.351364,-7.115995,1.266690,-0.550988,-0.824185,-1.215173,-0.683852,75846
76660,68.152412,-6.994815,1.256469,-0.916777,-0.513473,-1.038246,-0.592549,75647
76660,68.013420,-6.901523,1.301900,-1.434490,-0.444739,-0.906007,-0.476191,75502
76660,67.749428,-6.706667,1.481527,-0.512573,-0.166383,-0.637180,-0.161850,75245
76660,67.658455,-6.630104,1.558619,-0.609693,-0.057113,-0.535127,-0.038335,75147
76660,67.479462,-6.473002,1.716372,-0.771065,0.261912,-0.327870,0.210758,74974
-1,0.280202,-5.673890,0.510295,2.363826,0.000000,0.000000,0.000000,0.000000
