0,141.852478,2.275967,-0.386546,2.124141,-0.076239,2.123734,0.139768
1,141.799469,2.252053,-0.340448,2.124141,-0.076239,2.113745,0.158803
2,141.664474,2.140979,-0.215596,1.914888,0.267667,2.038129,0.214735
3,141.480484,1.894609,-0.031905,1.752999,0.331793,1.840088,0.304492
4,141.410477,1.782762,0.036969,1.752999,0.331793,1.746629,0.337624
5,141.354477,1.689716,0.089346,1.639496,0.405516,1.668293,0.361411
6,141.277481,1.555616,0.152349,1.629123,0.400655,1.554417,0.385105
7,141.221481,1.455383,0.194086,1.501676,0.416654,1.468893,0.398251
8,141.194473,1.405650,0.212660,1.354489,0.402200,1.426255,0.403037
9,141.158478,1.338385,0.236616,1.354489,0.402200,1.368444,0.408616
10,141.129471,1.283312,0.255421,1.321544,0.397540,1.320991,0.412612
11,141.094482,1.215757,0.277842,1.225762,0.411853,1.262626,0.417170
12,141.057480,1.143186,0.301667,1.225762,0.411853,1.199775,0.422104
-1,0.262668,0.152232,-0.510538,-0.526314,0.000000,1.199775,0.422104
