147220,139.719925,-6.401533,2.792677,-0.606652,0.482573,-0.535627,0.289766,147216
147220,139.540909,-6.437506,2.643374,-0.518167,0.212429,-0.562245,0.209550,147044
147220,139.443909,-6.460193,2.531727,-0.579974,0.135646,-0.579863,0.135337,146941
147220,139.272903,-6.502612,2.315399,-0.571280,-0.176056,-0.613346,-0.014996,146774
147220,139.180908,-6.527281,2.190503,-0.753577,-0.219829,-0.633207,-0.104389,146683
147220,139.012909,-6.574201,1.954852,-1.020077,-0.427710,-0.671348,-0.275205,146509
147220,138.743912,-6.655482,1.561547,-1.037731,-0.667395,-0.738571,-0.564697,146246
147220,138.643906,-6.685599,1.432806,-0.233903,-0.838704,-0.763462,-0.654843,146140
147220,138.541931,-6.714971,1.323031,-0.767137,-0.718252,-0.787505,-0.725263,146038
147220,138.243958,-6.773923,1.213637,-0.767137,-0.718252,-0.830885,-0.719662,145740
147220,138.143967,-6.779990,1.258735,-0.287004,-0.602383,-0.831727,-0.635976,145640
147220,138.043976,-6.778930,1.346560,-1.785227,-0.592164,-0.825441,-0.509562,145540
147220,137.942963,-6.770892,1.476342,-0.827129,-0.188993,-0.812124,-0.340796,145439
-1,0.052259,-5.865906,0.385924,2.502911,0.000000,0.000000,0.000000,0.000000
