62536,54.833485,0.537437,0.230657,0.388575,0.322926,0.332615,0.340127
62536,54.681499,0.537437,0.230657,0.333039,0.340544,0.329607,0.340587
62536,54.532513,0.537437,0.230657,0.320767,0.342429,0.326660,0.341038
62536,54.382526,0.537437,0.230657,0.286044,0.366078,0.323692,0.341492
62536,54.239536,0.537437,0.230657,0.320812,0.324400,0.320863,0.341925
62536,54.095547,0.537437,0.230657,0.343996,0.347714,0.318013,0.342360
62536,53.868565,0.537437,0.230657,0.297071,0.336966,0.313522,0.343048
62536,53.735577,0.537437,0.230657,0.367073,0.326359,0.310891,0.343450
62536,53.594593,0.537437,0.230657,0.308639,0.344276,0.308101,0.343877
62536,53.441612,0.537437,0.230657,0.246957,0.344283,0.305074,0.344340
62536,53.280628,0.537437,0.230657,0.309902,0.335077,0.301889,0.344827
62536,53.126648,0.537437,0.230657,0.343996,0.347714,0.298842,0.345293
62536,53.047665,0.537437,0.230657,0.284133,0.357170,0.297279,0.345532
-1,-0.019787,0.204822,0.003027,-0.109470,0.000000,0.297279,0.345532
