0,50.318733,-20.037645,0.368354,-3.101007,-0.583255,-1.283190,0.555288
1,50.237751,-19.955660,0.357434,-1.303607,0.623254,-1.268126,0.557030
2,50.054768,-19.746193,0.331165,-1.516064,0.547790,-1.209871,0.559372
3,49.888786,-19.512516,0.301031,-1.054303,0.553051,-1.113357,0.555192
4,49.802803,-19.380863,0.273386,-1.054303,0.553051,-1.052758,0.540991
5,49.625820,-19.096909,0.189425,-1.459502,0.586529,-0.915057,0.484703
6,49.351856,-18.603718,-0.024891,-0.623699,0.303678,-0.648263,0.313225
7,49.274876,-18.450899,-0.091132,-0.258828,0.051274,-0.559059,0.259021
8,49.090885,-18.069954,-0.245926,0.127944,0.009514,-0.330158,0.132995
9,48.996906,-17.857578,-0.291084,-0.500260,0.089705,-0.195444,0.102532
10,48.823921,-17.448406,-0.332764,-0.054776,0.144065,0.070778,0.087900
11,48.641937,-17.001635,-0.321972,0.448749,0.139602,0.367163,0.127147
12,48.458950,-16.572495,-0.302479,0.318506,0.177190,0.645088,0.175252
-1,-0.826372,-18.754456,0.156361,-0.186933,0.000000,0.645088,0.175252
