85850,78.350273,-9.794971,2.987571,-1.269503,0.321360,-0.775836,0.303075,85846
85850,78.179291,-9.743241,2.806642,-0.792187,0.176585,-0.779288,0.157240,85675
85850,77.913315,-9.609152,2.530591,-0.446721,-0.114437,-0.731037,-0.064219,85409
85850,77.821327,-9.553394,2.451305,-0.462182,-0.172817,-0.704967,-0.124625,85311
85850,77.647339,-9.440001,2.313093,-0.317974,-0.230633,-0.647726,-0.227127,85143
85850,77.481354,-9.319797,2.180644,-0.892059,-0.368343,-0.581091,-0.325508,84971
85850,77.391373,-9.249666,2.107419,-0.892059,-0.368343,-0.540000,-0.380264,84882
85850,77.212387,-9.103620,1.960065,-0.557222,-0.362470,-0.451718,-0.490881,84709
85850,77.025421,-8.938168,1.807791,-0.340978,-0.700931,-0.346606,-0.604781,84515
85850,76.847435,-8.784002,1.675365,0.123097,-0.664220,-0.249883,-0.700676,84337
85850,76.753448,-8.717508,1.629637,-0.216448,-0.761692,-0.213722,-0.727112,84243
85850,76.574455,-8.605113,1.574871,-0.078008,-0.743510,-0.159094,-0.745140,84072
-1,-0.322734,-9.019135,0.205249,2.684496,0.000000,0.000000,0.000000,0.000000
