0,6.205982,-17.060139,-0.893570,-5.168067,0.377853,-5.513570,0.374611
1,6.032985,-16.787525,-0.921829,-5.476816,0.374039,-5.490284,0.375219
2,5.762990,-16.311117,-0.959548,-5.477336,0.379608,-5.402997,0.382553
3,5.579997,-15.946665,-0.987879,-5.794799,0.476687,-5.302279,0.384757
4,5.398999,-15.561369,-1.018646,-5.191469,0.504484,-5.177840,0.384193
5,5.127004,-14.942101,-1.072688,-5.063438,0.372798,-4.950578,0.375537
6,5.032007,-14.720527,-1.093920,-4.771705,0.502958,-4.865915,0.370156
7,4.866009,-14.330999,-1.132857,-4.427804,0.407391,-4.715627,0.358919
8,4.767012,-14.093904,-1.158263,-4.883869,0.333246,-4.621208,0.350032
9,4.599014,-13.685973,-1.203657,-5.271358,0.491700,-4.455399,0.332671
10,4.499017,-13.438935,-1.232838,-4.347300,0.321060,-4.352479,0.320177
11,4.334019,-13.025114,-1.282429,-4.071372,0.243499,-4.176456,0.298118
-1,-1.441220,-11.546569,0.166865,-1.268181,0.000000,-4.176453,0.298118
