84885,77.391373,-9.249666,2.107419,-0.892059,-0.368343,-0.543362,-0.450217,84882
84885,77.212387,-9.103620,1.960065,-0.557222,-0.362470,-0.465285,-0.523241,84709
84885,77.025421,-8.938168,1.807791,-0.340978,-0.700931,-0.370833,-0.597872,84515
84885,76.847435,-8.784002,1.675365,0.123097,-0.664220,-0.284259,-0.656384,84337
84885,76.753448,-8.717508,1.629637,-0.216448,-0.761692,-0.253456,-0.663080,84243
84885,76.574455,-8.605113,1.574871,-0.078008,-0.743510,-0.209034,-0.643514,84072
84885,76.485481,-8.547895,1.581959,-0.403483,-0.561336,-0.185604,-0.599476,83981
84885,76.315498,-8.432275,1.634962,-0.341542,-0.482510,-0.134535,-0.475883,83805
84885,76.223518,-8.362719,1.698880,-0.080452,-0.223251,-0.099908,-0.373767,83713
84885,76.052528,-8.226194,1.846871,0.020298,-0.168431,-0.028317,-0.154767,83542
84885,75.951553,-8.138338,1.944082,-0.063476,-0.015698,0.021194,-0.015623,83442
84885,75.784561,-7.985874,2.109105,-0.372365,0.253674,0.110242,0.218749,83274
84885,75.682579,-7.885865,2.201211,0.179905,0.355460,0.171524,0.353207,83178
-1,-0.379751,-8.706305,0.415282,2.557636,0.000000,0.000000,0.000000,0.000000
