147489,139.982925,-6.361030,2.892943,-0.489361,0.657173,-0.463493,0.342896,147486
147489,139.809937,-6.385414,2.848977,-0.336999,0.537905,-0.479174,0.348900,147306
147489,139.719925,-6.401533,2.792677,-0.606652,0.482573,-0.490765,0.318602,147216
147489,139.540909,-6.437506,2.643374,-0.518167,0.212429,-0.517734,0.221009,147044
147489,139.443909,-6.460193,2.531727,-0.579974,0.135646,-0.535541,0.137383,146941
147489,139.272903,-6.502612,2.315399,-0.571280,-0.176056,-0.569358,-0.029549,146774
147489,139.180908,-6.527281,2.190503,-0.753577,-0.219829,-0.589399,-0.127870,146683
147489,139.012909,-6.574201,1.954852,-1.020077,-0.427710,-0.627868,-0.314992,146509
147489,138.743912,-6.655482,1.561547,-1.037731,-0.667395,-0.695618,-0.630594,146246
147489,138.643906,-6.685599,1.432806,-0.233903,-0.838704,-0.720704,-0.730446,146140
147489,138.541931,-6.714971,1.323031,-0.767137,-0.718252,-0.744946,-0.810764,146038
147489,138.243958,-6.773923,1.213637,-0.767137,-0.718252,-0.788908,-0.834084,145740
147489,138.143967,-6.779990,1.258735,-0.287004,-0.602383,-0.789946,-0.760103,145640
-1,0.050304,-5.897537,0.288865,2.550047,0.000000,0.000000,0.000000,0.000000
