70843,63.344883,-3.641534,1.376557,0.153534,0.338295,0.147481,0.337781,70839
70843,63.251915,-3.591154,1.393100,0.039876,0.406783,0.156333,0.349558,70740
70843,63.144943,-3.541952,1.411001,0.412841,0.289189,0.157752,0.361974,70639
70843,63.051975,-3.507807,1.421459,0.074175,0.383193,0.150368,0.367666,70540
70843,62.951008,-3.480175,1.424063,0.087257,0.387034,0.132898,0.365093,70439
70843,62.851036,-3.461567,1.417097,0.232660,0.300385,0.106849,0.353002,70339
70843,62.752068,-3.449816,1.402436,0.232660,0.300385,0.074393,0.333267,70240
70843,62.651100,-3.442282,1.381521,0.273565,0.330475,0.036824,0.307175,70140
70843,62.549129,-3.438084,1.355430,-0.050839,0.233848,-0.004527,0.275856,70038
70843,62.449158,-3.436434,1.326287,-0.050839,0.233848,-0.047534,0.241588,69937
70843,62.347187,-3.435656,1.294750,-0.304673,0.251886,-0.092305,0.204822,69842
-1,-0.446694,-3.789015,-0.051271,1.038775,0.000000,0.000000,0.000000,0.000000
