23045,15.560800,0.000000,0.000000,-0.208681,-0.152175,-0.211196,-0.173517,23042
23045,15.358801,0.000000,0.000000,-0.240610,-0.175466,-0.210679,-0.173669,22841
23045,15.250802,0.000000,0.000000,-0.358501,-0.181067,-0.210403,-0.173751,22738
23045,15.156803,0.000000,0.000000,-0.208687,-0.173915,-0.210163,-0.173822,22638
23045,14.769809,0.000000,0.000000,-0.208687,-0.173915,-0.209174,-0.174114,22251
23045,14.590810,0.000000,0.000000,-0.177083,-0.172360,-0.208716,-0.174249,22072
23045,14.390814,0.000000,0.000000,-0.177088,-0.193905,-0.208205,-0.174400,21872
23045,14.290814,0.000000,0.000000,-0.208687,-0.173915,-0.207949,-0.174475,21772
23045,14.191817,0.000000,0.000000,-0.247202,-0.186789,-0.207696,-0.174550,21673
23045,14.089820,0.000000,0.000000,-0.170931,-0.161285,-0.207436,-0.174627,21572
23045,13.988821,0.000000,0.000000,-0.286442,-0.177694,-0.207177,-0.174703,21470
-1,0.002556,0.211196,-0.000755,0.173517,0.000000,0.000000,0.000000,0.000000
