0,51.322617,-20.592398,0.285864,-2.522237,0.663562,-2.529673,0.655272
1,51.155628,-20.525513,0.343754,-2.828326,0.732161,-2.429791,0.699070
2,50.862656,-20.389236,0.408426,-2.322289,0.738018,-2.235624,0.739020
3,50.690674,-20.298410,0.409760,-1.951247,0.608816,-2.110814,0.725841
4,50.502716,-20.180136,0.390435,-1.178306,0.561483,-1.955399,0.690655
5,50.318733,-20.037645,0.368354,-3.101007,-0.583255,-1.776554,0.653049
6,50.237751,-19.955660,0.357434,-1.303607,0.623254,-1.678567,0.635296
7,50.054768,-19.746193,0.331165,-1.516064,0.547790,-1.432942,0.593585
8,49.888786,-19.512516,0.301031,-1.054303,0.553051,-1.166468,0.549445
9,49.802803,-19.380863,0.273386,-1.054303,0.553051,-1.017825,0.514545
10,49.625820,-19.096909,0.189425,-1.459502,0.586529,-0.698899,0.415649
-1,0.197599,-18.062725,-0.084384,-0.369407,0.000000,-0.698898,0.415649
