27711,20.004084,0.537252,0.230698,0.297114,0.318746,0.294184,0.331774
27711,19.866072,0.537238,0.230701,0.333081,0.322615,0.294988,0.332433
27711,19.720062,0.537223,0.230704,0.232787,0.346284,0.295837,0.333131
27711,19.499056,0.537197,0.230710,0.297071,0.336966,0.297121,0.334187
27711,19.455051,0.537192,0.230711,0.309902,0.335077,0.297376,0.334398
27711,19.304043,0.537172,0.230716,0.309902,0.335077,0.298251,0.335120
27711,19.154034,0.537151,0.230721,0.272479,0.331382,0.299119,0.335838
27711,18.992022,0.537126,0.230726,0.297026,0.355188,0.300054,0.336614
27711,18.917011,0.537113,0.230729,0.284182,0.338846,0.300485,0.336973
27711,18.769003,0.537087,0.230735,0.284182,0.338846,0.301336,0.337683
27711,18.623995,0.537061,0.230741,0.409852,0.328156,0.302169,0.338378
27711,18.479986,0.537032,0.230747,0.321023,0.324370,0.302993,0.339070
27711,18.334978,0.537000,0.230754,0.300066,0.327476,0.303821,0.339766
27711,18.181969,0.536965,0.230762,0.333039,0.340544,0.304691,0.340502
-1,0.005924,0.243068,0.004755,-0.101076,0.000000,0.304691,0.340502
