71108,63.616844,-3.833033,1.335957,0.052221,0.314663,0.051114,0.314489,71105
71108,63.526871,-3.765071,1.348247,0.052221,0.314663,0.079150,0.321438,71022
71108,63.344883,-3.641534,1.376557,0.153534,0.338295,0.121932,0.338946,70839
71108,63.251915,-3.591154,1.393100,0.039876,0.406783,0.131059,0.349971,70740
71108,63.144943,-3.541952,1.411001,0.412841,0.289189,0.132793,0.361522,70639
71108,63.051975,-3.507807,1.421459,0.074175,0.383193,0.125684,0.366463,70540
71108,62.951008,-3.480175,1.424063,0.087257,0.387034,0.108512,0.363074,70439
71108,62.851036,-3.461567,1.417097,0.232660,0.300385,0.082758,0.350174,70339
71108,62.752068,-3.449816,1.402436,0.232660,0.300385,0.050594,0.329639,70240
71108,62.651100,-3.442282,1.381521,0.273565,0.330475,0.013324,0.302731,70140
71108,62.549129,-3.438084,1.355430,-0.050839,0.233848,-0.027727,0.270588,70038
71108,62.449158,-3.436434,1.326287,-0.050839,0.233848,-0.070438,0.235511,69937
71108,62.347187,-3.435656,1.294750,-0.304673,0.251886,-0.114908,0.197921,69842
-1,-0.443741,-3.884146,-0.059355,1.021469,0.000000,0.000000,0.000000,0.000000
