0,31.294394,-4.725368,-0.377729,-0.326831,0.958934,-0.325931,0.943554
1,31.125385,-4.594823,-0.285210,-0.326831,0.958934,-0.316668,0.966407
2,31.024374,-4.528694,-0.236348,-0.902103,1.086653,-0.323025,0.973631
3,30.858366,-4.430707,-0.161795,-0.639203,0.977129,-0.344168,0.979754
4,30.768351,-4.381859,-0.126295,-0.237263,0.976174,-0.359915,0.978149
5,30.590340,-4.288029,-0.064824,-0.291168,0.938320,-0.393828,0.966243
6,30.503326,-4.245431,-0.050284,-0.433755,0.960580,-0.413672,0.944915
7,30.325315,-4.163299,-0.046844,-0.269022,0.885639,-0.459282,0.874978
8,30.234301,-4.127126,-0.075202,-0.000507,0.549593,-0.488422,0.809102
9,30.057291,-4.062883,-0.164195,-0.478991,0.514609,-0.551204,0.647145
10,29.975281,-4.038660,-0.234584,-0.604982,0.481498,-0.585832,0.542950
11,29.792271,-3.991859,-0.425978,-0.702440,0.275228,-0.670362,0.276118
12,29.706259,-3.974873,-0.530705,-1.100879,0.156874,-0.715098,0.135936
13,29.526253,-3.945735,-0.760927,-0.543431,-0.154297,-0.815135,-0.168486
-1,-0.717611,-4.399438,-0.412208,-1.321283,0.000000,-0.815135,-0.168486
