0,51.734543,-20.689207,0.129298,-1.075105,0.333014,-2.601366,0.468357
1,51.594578,-20.667212,0.183428,-1.004385,0.408103,-2.550272,0.515075
2,51.424591,-20.627680,0.248603,-2.401026,0.572287,-2.475400,0.571248
3,51.322617,-20.592398,0.285864,-2.522237,0.663562,-2.418918,0.603110
4,51.155628,-20.525513,0.343754,-2.828326,0.732161,-2.317317,0.652157
5,50.862656,-20.389236,0.408426,-2.322289,0.738018,-2.120132,0.701315
6,50.690674,-20.298410,0.409760,-1.951247,0.608816,-1.993551,0.693542
7,50.502716,-20.180136,0.390435,-1.178306,0.561483,-1.836201,0.664264
8,50.318733,-20.037645,0.368354,-3.101007,-0.583255,-1.655461,0.632441
9,50.237751,-19.955660,0.357434,-1.303607,0.623254,-1.556639,0.617233
10,50.054768,-19.746193,0.331165,-1.516064,0.547790,-1.309130,0.581274
11,49.888786,-19.512516,0.301031,-1.054303,0.553051,-1.040946,0.542351
-1,0.207898,-18.087841,-0.052953,-0.339059,0.000000,-1.040946,0.542351
