73980,66.276329,0.537437,0.230657,0.321629,0.351255,0.324053,0.342554
73980,66.127335,0.537437,0.230657,0.344043,0.329876,0.324861,0.341914
73980,65.974358,0.537437,0.230657,0.400663,0.329652,0.325690,0.341257
73980,65.824371,0.537437,0.230657,0.271455,0.340687,0.326503,0.340613
73980,65.680389,0.537437,0.230657,0.232572,0.346314,0.327284,0.339995
73980,65.524399,0.537437,0.230657,0.356144,0.336852,0.328129,0.339325
73980,65.442413,0.537437,0.230657,0.246957,0.344283,0.328574,0.338973
73980,65.297424,0.537437,0.230657,0.246957,0.344283,0.329360,0.338350
73980,65.157440,0.537437,0.230657,0.335614,0.340048,0.330119,0.337749
73980,65.022453,0.537437,0.230657,0.332881,0.331559,0.330850,0.337170
73980,64.887459,0.537437,0.230657,0.296864,0.336996,0.331582,0.336590
73980,64.733475,0.537437,0.230657,0.332881,0.331559,0.332417,0.335929
73980,64.587486,0.537437,0.230657,0.378483,0.342039,0.333208,0.335302
73980,64.430489,0.537437,0.230657,0.310949,0.334827,0.334059,0.334628
-1,0.005421,0.213384,-0.004294,-0.111898,0.000000,0.334059,0.334628
