0,41.005093,-12.427568,1.113738,-0.598969,1.326216,-0.600760,1.257701
1,40.832108,-12.325052,1.182745,-0.332143,1.318832,-0.621698,1.335052
2,40.736130,-12.263561,1.193049,-0.375843,1.298246,-0.628703,1.349986
3,40.558144,-12.144174,1.180467,-0.556355,1.321300,-0.636338,1.345990
4,40.458168,-12.070971,1.140225,-1.014803,1.310938,-0.634486,1.310570
5,40.288181,-11.940388,1.040729,-0.789829,1.260040,-0.625216,1.219275
6,40.097237,-11.777630,0.882229,-1.324533,1.155642,-0.598729,1.069985
7,39.924255,-11.618967,0.721914,-1.085790,0.963487,-0.563517,0.918014
8,39.835285,-11.529859,0.632041,-0.727019,0.825307,-0.537904,0.832433
9,39.651299,-11.336612,0.437379,-0.531307,0.625991,-0.475962,0.646647
10,39.557320,-11.230456,0.328800,-0.407407,0.483868,-0.436876,0.542601
11,39.392334,-11.039217,0.128872,-0.228364,0.351651,-0.363382,0.350632
12,39.297352,-10.932623,0.003927,0.080341,0.232842,-0.324573,0.230269
-1,-0.713667,-11.826808,0.048239,-0.143963,0.000000,-0.324573,0.230269
