136674,129.174530,-0.267566,1.303451,-0.696843,0.382358,-0.663742,0.364011,136670
136674,129.009537,-0.072808,1.005876,-1.277549,0.171720,-0.665150,0.181766,136505
136674,128.910538,0.080085,0.812784,-1.047458,0.061944,-0.629960,0.057875,136406
136674,128.740555,0.379758,0.466604,-0.931637,-0.240210,-0.532386,-0.169487,136242
136674,128.644547,0.586520,0.264192,-0.376342,-0.427466,-0.439772,-0.304789,136140
136674,128.477539,0.979625,-0.087580,0.158989,-0.548837,-0.245227,-0.539823,135973
136674,128.377563,1.230375,-0.279394,0.634953,-0.458579,-0.113342,-0.661754,135873
136674,128.278564,1.478471,-0.449866,0.598934,-0.536652,0.017051,-0.763025,135774
136674,128.176575,1.723846,-0.598726,0.637605,-0.587790,0.141166,-0.840594,135672
136674,127.973572,2.172805,-0.806268,0.542677,-0.842635,0.348768,-0.906237,135476
136674,127.872589,2.375634,-0.862191,0.581974,-0.842635,0.431535,-0.891573,135372
136674,127.777596,2.557170,-0.893618,0.506871,-0.883281,0.500131,-0.856600,135273
136674,127.575630,2.885216,-0.840768,0.485307,-0.657233,0.588053,-0.662575,135071
136674,127.475639,3.019311,-0.768640,0.287055,-0.666068,0.603266,-0.520554,134971
136674,127.377663,3.128427,-0.677404,0.400778,-0.559001,0.595894,-0.360832,134873
-1,-1.188935,0.396176,0.699001,0.939440,0.000000,0.000000,0.000000,0.000000
