0,151.574722,1.672259,0.890044,1.222746,0.055036,1.201411,0.056453
1,151.527725,1.658250,0.888108,1.197265,0.060254,1.215242,0.056395
2,151.417725,1.653089,0.883479,1.309751,0.065597,1.275243,0.056159
3,151.338730,1.675749,0.880153,1.309751,0.065597,1.344699,0.055988
4,151.295731,1.696658,0.878304,1.390211,0.055669,1.391080,0.055857
5,151.213745,1.762138,0.874820,1.484101,0.052942,1.505126,0.055647
6,151.155746,1.821645,0.872379,1.679385,0.047728,1.598991,0.055523
7,151.070755,1.937527,0.868988,1.728936,0.055651,1.765220,0.055526
8,151.028763,2.003087,0.867223,2.014533,0.056251,1.855656,0.055438
9,150.920761,2.202887,0.862419,2.377799,0.047170,2.119434,0.054948
10,150.839752,2.372756,0.858776,2.377799,0.047170,2.337292,0.054541
11,150.791748,2.478701,0.856606,2.472793,0.045706,2.471674,0.054288
12,150.763748,2.542591,0.855356,2.521787,0.050873,2.552150,0.054156
13,150.729736,2.621325,0.853841,2.661593,0.055056,2.651032,0.053999
14,150.686737,2.722569,0.851928,2.731675,0.054402,2.777749,0.053804
15,150.664734,2.774931,0.850927,2.815425,0.058149,2.843144,0.053682
-1,0.592383,0.470848,0.039940,0.833590,0.000000,2.843143,0.053682
