107883,100.386848,-5.306066,0.264880,-2.190159,-0.675706,-0.420294,-0.521513,107879
107883,100.211861,-5.453142,0.215371,-2.190159,-0.675706,-0.740982,-0.523214,107704
107883,100.116875,-5.520875,0.223481,-0.216276,-0.314113,-0.902953,-0.489153,107609
107883,99.942886,-5.628022,0.262886,-1.258762,-0.366544,-1.182721,-0.402215,107442
107883,99.853912,-5.659960,0.289002,-1.328643,-0.354318,-1.302933,-0.351791,107347
107883,99.680923,-5.694577,0.345058,-2.082567,-0.251156,-1.509178,-0.248473,107179
107883,99.580956,-5.683007,0.383296,-2.091122,-0.274208,-1.596791,-0.182924,107079
107883,99.406967,-5.632693,0.456120,-0.994699,-0.043406,-1.719097,-0.062566,106905
107883,99.324982,-5.593847,0.494585,-1.413720,-0.078345,-1.761591,-0.001703,106817
107883,99.141998,-5.495588,0.584291,-1.905739,0.238484,-1.844876,0.137995,106641
107883,99.050018,-5.441767,0.628818,-1.467350,0.295824,-1.882312,0.207651,106548
107883,98.883026,-5.340204,0.702375,-2.480046,0.327074,-1.946428,0.326831,106375
107883,98.774055,-5.269009,0.736764,-2.023503,0.364163,-1.983347,0.390991,106272
107883,98.615067,-5.160872,0.774992,-2.065298,0.377805,-2.032948,0.472655,106113
-1,-0.992136,-4.885772,0.273203,0.786392,0.000000,0.000000,0.000000,0.000000
