0,151.028763,2.003087,0.867223,2.014533,0.056251,2.015052,0.042815
1,150.920761,2.202887,0.862419,2.377799,0.047170,2.224024,0.047052
2,150.839752,2.372756,0.858776,2.377799,0.047170,2.400774,0.050190
3,150.791748,2.478701,0.856606,2.472793,0.045706,2.510796,0.052038
4,150.763748,2.542591,0.855356,2.521787,0.050873,2.577064,0.053132
5,150.729736,2.621325,0.853841,2.661593,0.055056,2.658686,0.054464
6,150.686737,2.722569,0.851928,2.731675,0.054402,2.763583,0.056150
7,150.664734,2.774931,0.850927,2.815425,0.058149,2.817813,0.056992
8,150.627747,2.863765,0.849200,3.086703,0.063635,2.909788,0.058361
-1,0.084930,-0.011965,0.083709,0.824408,0.000000,2.909786,0.058361
