36257,28.549572,0.537436,0.230657,0.345467,0.320796,0.369177,0.332599
36257,28.393559,0.537435,0.230657,0.367257,0.326331,0.363620,0.332972
36257,28.235548,0.537435,0.230657,0.297280,0.336936,0.357992,0.333349
36257,28.081535,0.537435,0.230657,0.366828,0.335170,0.352507,0.333717
36257,27.937529,0.537435,0.230657,0.366828,0.335170,0.347377,0.334061
36257,27.790520,0.537435,0.230657,0.320978,0.342398,0.342141,0.334412
36257,27.636513,0.537435,0.230657,0.333235,0.340515,0.336656,0.334779
36257,27.482504,0.537434,0.230657,0.388461,0.331722,0.331170,0.335147
36257,27.330492,0.537434,0.230657,0.336077,0.349073,0.325755,0.335510
36257,27.187485,0.537434,0.230657,0.261880,0.323661,0.320662,0.335852
36257,27.039480,0.537434,0.230657,0.377512,0.315923,0.315390,0.336205
36257,26.892475,0.537433,0.230657,0.310094,0.335050,0.310153,0.336556
36257,26.740467,0.537433,0.230657,0.284406,0.338814,0.304739,0.336919
-1,-0.035617,0.168258,0.002388,-0.101942,0.000000,0.304739,0.336919
