71821,64.328773,-4.525734,1.331623,-0.737022,0.177244,-0.344155,0.290335,71817
71821,64.147781,-4.349393,1.317876,-0.218403,0.173957,-0.243462,0.272691,71642
71821,63.782822,-3.978766,1.319402,0.107468,0.267114,-0.025377,0.266358,71271
71821,63.616844,-3.833033,1.335957,0.052221,0.314663,0.050983,0.279340,71105
71821,63.526871,-3.765071,1.348247,0.052221,0.314663,0.081339,0.289693,71022
71821,63.344883,-3.641534,1.376557,0.153534,0.338295,0.128810,0.314084,70839
71821,63.251915,-3.591154,1.393100,0.039876,0.406783,0.140334,0.328625,70740
71821,63.144943,-3.541952,1.411001,0.412841,0.289189,0.144824,0.344222,70639
71821,63.051975,-3.507807,1.421459,0.074175,0.383193,0.140112,0.352679,70540
71821,62.951008,-3.480175,1.424063,0.087257,0.387034,0.125542,0.353109,70439
71821,62.851036,-3.461567,1.417097,0.232660,0.300385,0.102365,0.343990,70339
71821,62.752068,-3.449816,1.402436,0.232660,0.300385,0.072751,0.327199,70240
71821,62.651100,-3.442282,1.381521,0.273565,0.330475,0.038084,0.304109,70140
71821,62.549129,-3.438084,1.355430,-0.050839,0.233848,-0.000339,0.275823,70038
71821,62.449158,-3.436434,1.326287,-0.050839,0.233848,-0.040474,0.244527,69937
-1,-0.417968,-4.181580,-0.021532,1.041288,0.000000,0.000000,0.000000,0.000000
