108167,100.670822,-5.034179,0.487093,-0.267929,-0.398273,0.043894,-0.396116,108163
108167,100.471832,-5.230055,0.307842,-0.200019,-0.448084,-0.344735,-0.515070,107971
108167,100.386848,-5.306066,0.264880,-2.190159,-0.675706,-0.503067,-0.532280,107879
108167,100.211861,-5.453142,0.215371,-2.190159,-0.675706,-0.819647,-0.528764,107704
108167,100.116875,-5.520875,0.223481,-0.216276,-0.314113,-0.979388,-0.491872,107609
108167,99.942886,-5.628022,0.262886,-1.258762,-0.366544,-1.255072,-0.399745,107442
108167,99.853912,-5.659960,0.289002,-1.328643,-0.354318,-1.373195,-0.346668,107347
108167,99.680923,-5.694577,0.345058,-2.082567,-0.251156,-1.575380,-0.238193,107179
108167,99.580956,-5.683007,0.383296,-2.091122,-0.274208,-1.660645,-0.169663,107079
108167,99.406967,-5.632693,0.456120,-0.994699,-0.043406,-1.778867,-0.044118,106905
108167,99.324982,-5.593847,0.494585,-1.413720,-0.078345,-1.819437,0.019190,106817
108167,99.141998,-5.495588,0.584291,-1.905739,0.238484,-1.898427,0.164343,106641
108167,99.050018,-5.441767,0.628818,-1.467350,0.295824,-1.933704,0.236742,106548
108167,98.883026,-5.340204,0.702375,-2.480046,0.327074,-1.993899,0.360901,106375
-1,-0.968661,-5.078074,0.303018,0.883209,0.000000,0.000000,0.000000,0.000000
