0,5.435984,-2.555768,1.375963,-0.317136,0.339995,-0.319976,0.340692
1,5.258986,-2.426884,1.335765,-0.466491,0.357633,-0.281048,0.356044
2,5.165990,-2.365555,1.312693,-0.152448,0.349011,-0.266984,0.362160
3,4.991992,-2.258727,1.266671,-0.572317,0.398707,-0.248588,0.370747
4,4.897995,-2.210330,1.239039,-0.524417,0.391625,-0.247963,0.372616
5,4.725996,-2.129685,1.185885,-0.585261,0.429860,-0.254733,0.373444
6,4.624000,-2.086836,1.151605,-0.210838,0.326997,-0.263722,0.371176
7,4.460001,-2.020030,1.093888,-0.146372,0.318533,-0.280266,0.364930
8,4.362005,-1.977719,1.056322,-0.251623,0.395907,-0.287760,0.358120
9,4.191007,-1.900288,0.987669,0.009490,0.304489,-0.297236,0.343136
10,4.088010,-1.849181,0.942459,-0.022919,0.329573,-0.298476,0.330251
11,3.926012,-1.764753,0.868344,-0.362962,0.305680,-0.296380,0.306979
12,3.841011,-1.717032,0.828005,-0.278550,0.249357,-0.291860,0.293318
13,3.656010,-1.608443,0.742135,-0.568609,0.340858,-0.277294,0.265511
-1,-0.508234,-2.235791,0.313852,1.035272,0.000000,-0.277294,0.265511
