91976,84.482552,-10.454972,2.465327,0.545219,-0.056548,0.176110,-0.047804,91973
91976,84.306564,-10.487283,2.522120,0.158779,-0.009865,0.147559,0.002824,91804
91976,84.222580,-10.533103,2.553482,0.158779,-0.009865,0.103532,0.031244,91713
91976,84.049591,-10.659910,2.622903,-0.427113,0.197466,-0.019580,0.094606,91540
91976,83.955605,-10.744105,2.664416,-0.464972,0.150184,-0.101768,0.132826,91446
91976,83.781616,-10.906375,2.745005,-0.267120,0.305356,-0.260321,0.207321,91277
91976,83.509644,-11.094800,2.882009,-0.592931,0.357028,-0.442937,0.334798,91006
91976,83.415680,-11.123938,2.932373,-0.926587,0.428419,-0.470068,0.381870,90912
91976,83.245697,-11.147497,3.026143,-0.553288,0.501420,-0.489997,0.469686,90743
91976,83.154716,-11.138514,3.078440,-0.321033,0.518082,-0.479070,0.518796,90651
91976,82.973732,-11.101969,3.181595,-0.412213,0.611657,-0.438660,0.615610,90471
91976,82.657761,-11.003684,3.303055,-0.204778,0.627841,-0.333626,0.726002,90252
-1,0.021359,-10.631083,-0.035030,2.513131,0.000000,0.000000,0.000000,0.000000
