73831,66.127335,0.537437,0.230657,0.344043,0.329876,0.345254,0.334273
73831,65.974358,0.537437,0.230657,0.400663,0.329652,0.342142,0.334972
73831,65.824371,0.537437,0.230657,0.271455,0.340687,0.339090,0.335658
73831,65.680389,0.537437,0.230657,0.232572,0.346314,0.336161,0.336316
73831,65.524399,0.537437,0.230657,0.356144,0.336852,0.332987,0.337028
73831,65.442413,0.537437,0.230657,0.246957,0.344283,0.331319,0.337403
73831,65.297424,0.537437,0.230657,0.246957,0.344283,0.328369,0.338066
73831,65.157440,0.537437,0.230657,0.335614,0.340048,0.325521,0.338705
73831,65.022453,0.537437,0.230657,0.332881,0.331559,0.322774,0.339322
73831,64.887459,0.537437,0.230657,0.296864,0.336996,0.320028,0.339939
73831,64.733475,0.537437,0.230657,0.332881,0.331559,0.316894,0.340643
73831,64.587486,0.537437,0.230657,0.378483,0.342039,0.313924,0.341310
73831,64.430489,0.537437,0.230657,0.310949,0.334827,0.310730,0.342027
73831,64.289505,0.537437,0.230657,0.296923,0.346046,0.307861,0.342671
-1,-0.020346,0.192182,0.004570,-0.103617,0.000000,0.307861,0.342671
