68817,61.107838,0.537437,0.230657,0.377266,0.333513,0.368236,0.327749
68817,60.960854,0.537437,0.230657,0.258723,0.351820,0.361796,0.328725
68817,60.814869,0.537437,0.230657,0.320812,0.324400,0.355400,0.329694
68817,60.664883,0.537437,0.230657,0.377310,0.315953,0.348829,0.330689
68817,60.583900,0.537437,0.230657,0.344043,0.329876,0.345282,0.331226
68817,60.439915,0.537437,0.230657,0.344043,0.329876,0.338973,0.332182
68817,60.289932,0.537437,0.230657,0.345248,0.338652,0.332403,0.333177
68817,60.138947,0.537437,0.230657,0.272234,0.349828,0.325788,0.334179
68817,59.990959,0.537437,0.230657,0.296907,0.318774,0.319304,0.335161
68817,59.915977,0.537437,0.230657,0.284182,0.338846,0.316019,0.335659
68817,59.762993,0.537437,0.230657,0.284182,0.338846,0.309317,0.336674
68817,59.617008,0.537437,0.230657,0.359302,0.327455,0.302921,0.337643
68817,59.471024,0.537437,0.230657,0.344088,0.312038,0.296526,0.338612
68817,59.329037,0.537437,0.230657,0.284133,0.357170,0.290305,0.339554
-1,-0.043811,0.169201,0.006636,-0.097093,0.000000,0.290305,0.339554
