68368,60.664883,0.537437,0.230657,0.377310,0.315953,0.347928,0.329927
68368,60.583900,0.537437,0.230657,0.344043,0.329876,0.346473,0.330173
68368,60.439915,0.537437,0.230657,0.344043,0.329876,0.343884,0.330610
68368,60.289932,0.537437,0.230657,0.345248,0.338652,0.341188,0.331065
68368,60.138947,0.537437,0.230657,0.272234,0.349828,0.338474,0.331524
68368,59.990959,0.537437,0.230657,0.296907,0.318774,0.335814,0.331973
68368,59.915977,0.537437,0.230657,0.284182,0.338846,0.334466,0.332200
68368,59.762993,0.537437,0.230657,0.284182,0.338846,0.331716,0.332665
68368,59.617008,0.537437,0.230657,0.359302,0.327455,0.329092,0.333108
68368,59.471024,0.537437,0.230657,0.344088,0.312038,0.326468,0.333551
68368,59.329037,0.537437,0.230657,0.284133,0.357170,0.323915,0.333982
68368,59.176048,0.537437,0.230657,0.366828,0.335170,0.321165,0.334446
68368,59.041065,0.537437,0.230657,0.308639,0.344276,0.318739,0.334856
68368,58.786076,0.537437,0.230657,0.321928,0.333198,0.314155,0.335630
-1,-0.017976,0.189508,0.003035,-0.099271,0.000000,0.314155,0.335630
