121943,114.440262,-14.188608,2.103365,0.138423,0.798526,-0.014241,0.643391,121939
121943,114.174286,-14.323749,2.001350,-0.126607,0.541188,-0.141322,0.544309,121679
121943,114.090294,-14.372648,1.933509,-0.266893,0.489452,-0.187677,0.477395,121585
121943,113.910301,-14.484189,1.752044,-0.767129,0.318915,-0.293764,0.297914,121404
121943,113.822311,-14.544155,1.639914,-0.868901,-0.060162,-0.351064,0.186754,121324
121943,113.644333,-14.671535,1.396369,-0.518117,-0.267137,-0.473051,-0.054828,121138
121943,113.375359,-14.885116,1.021969,-0.693367,-0.541565,-0.678482,-0.426262,120876
121943,113.285385,-14.961265,0.927409,-0.095443,-0.567549,-0.751904,-0.519830,120779
121943,113.105392,-15.116199,0.779718,-0.337262,-0.626123,-0.901385,-0.665537,120605
121943,113.025414,-15.177703,0.750175,-0.799561,-0.694828,-0.960466,-0.694198,120519
121943,112.803421,-15.325874,0.722189,-1.084084,-0.773717,-1.101910,-0.719736,120367
121943,112.743431,-15.341611,0.740440,-1.169027,-0.513469,-1.115829,-0.700824,120237
121943,112.646446,-15.349982,0.784157,-1.169027,-0.513469,-1.121262,-0.656037,120140
-1,0.030300,-14.174367,0.011026,1.459974,0.000000,0.000000,0.000000,0.000000
