38863,31.163717,0.537437,0.230657,0.314041,0.343552,0.314344,0.343670
38863,31.030708,0.537437,0.230657,0.314041,0.343552,0.317522,0.342088
38863,30.898699,0.537437,0.230657,0.333235,0.340515,0.320677,0.340519
38863,30.722689,0.537437,0.230657,0.310094,0.335050,0.324884,0.338425
38863,30.570681,0.537437,0.230657,0.355787,0.328091,0.328517,0.336618
38863,30.421673,0.537437,0.230657,0.370373,0.299473,0.332078,0.334846
38863,30.273663,0.537436,0.230657,0.333277,0.322587,0.335615,0.333086
38863,30.115656,0.537436,0.230657,0.388746,0.340354,0.339392,0.331207
38863,29.960646,0.537436,0.230657,0.377512,0.315923,0.343096,0.329363
38863,29.824638,0.537436,0.230657,0.309902,0.335077,0.346347,0.327746
38863,29.684631,0.537436,0.230657,0.309902,0.335077,0.349693,0.326081
38863,29.516621,0.537436,0.230657,0.309902,0.335077,0.353708,0.324083
38863,29.358612,0.537436,0.230657,0.388501,0.314256,0.357485,0.322204
-1,0.023900,0.223093,-0.011892,-0.113014,0.000000,0.357484,0.322204
