0,57.767559,-6.441259,0.947446,-5.139176,0.608327,-4.826032,0.471488
1,57.585575,-6.210489,0.884073,-4.457267,0.407082,-4.719599,0.407647
2,57.492603,-6.082232,0.836217,-4.657989,0.425902,-4.654862,0.359551
3,57.324615,-5.841059,0.742764,-4.530414,0.260316,-4.528463,0.265667
4,57.229645,-5.699585,0.685279,-3.881949,0.200075,-4.451876,0.207937
5,57.055660,-5.446690,0.574963,-4.329273,0.161121,-4.317852,0.097173
6,56.962685,-5.336098,0.510999,-4.122878,-0.130215,-4.270783,0.032970
7,56.787701,-5.153637,0.386005,-4.197662,-0.098312,-4.207876,-0.092474
8,56.583759,-4.980083,0.256404,-3.981446,-0.328093,-4.173661,-0.222601
9,56.420769,-4.838731,0.197790,-3.981446,-0.328093,-4.143668,-0.281634
10,56.332787,-4.755701,0.204480,-4.344776,-0.189441,-4.120749,-0.275170
11,56.154804,-4.579407,0.260189,-4.071195,-0.131915,-4.066058,-0.219919
-1,-0.683227,-1.615227,-0.002573,0.475958,0.000000,-4.066055,-0.219919
