0,92.441582,1.372640,0.891240,1.582450,0.308747,1.556335,0.311711
1,92.389587,1.386334,0.903360,1.556618,0.349380,1.556549,0.324387
2,91.906677,1.295078,1.048598,1.268249,0.419458,1.340088,0.474781
3,91.866684,1.278736,1.060458,1.236460,0.458682,1.313377,0.487068
4,91.773705,1.238576,1.081948,1.293007,0.473077,1.249110,0.509551
5,91.734711,1.220924,1.088125,1.220775,0.511110,1.221348,0.516145
6,91.644722,1.177971,1.093216,1.155568,0.530589,1.155064,0.522196
7,91.597725,1.154763,1.091690,1.134533,0.547004,1.119670,0.521172
8,91.508743,1.110153,1.077469,1.101236,0.538232,1.051990,0.507902
-1,-0.259272,-0.183696,0.010678,0.579529,0.000000,1.051990,0.507902
