44403,36.702343,0.537437,0.230657,0.367295,0.308686,0.353944,0.325393
44403,36.543362,0.537437,0.230657,0.344258,0.329844,0.348792,0.326343
44403,36.373383,0.537437,0.230657,0.367257,0.326331,0.343285,0.327358
44403,36.062397,0.537437,0.230657,0.313920,0.325487,0.333208,0.329216
44403,35.957401,0.537437,0.230657,0.286271,0.347741,0.329805,0.329844
44403,35.807419,0.537437,0.230657,0.336112,0.331167,0.324946,0.330740
44403,35.724442,0.537437,0.230657,0.221170,0.338553,0.322257,0.331236
44403,35.569454,0.537437,0.230657,0.221170,0.338553,0.317235,0.332162
44403,35.426468,0.537437,0.230657,0.333081,0.322615,0.312601,0.333016
44403,35.084488,0.537437,0.230657,0.345467,0.320796,0.301520,0.335059
44403,34.975494,0.537437,0.230657,0.297071,0.336966,0.297988,0.335711
-1,-0.032403,0.183493,0.005975,-0.094736,0.000000,0.297988,0.335711
