0,1.963995,-0.087983,0.396965,-0.049554,0.231100,-0.060847,0.240023
1,1.792996,0.063026,0.371700,0.331540,0.227742,-0.037993,0.263405
2,1.702996,0.123776,0.357244,0.129769,0.297541,-0.044693,0.274552
3,1.522996,0.220172,0.326256,0.061982,0.295175,-0.083197,0.294772
4,1.424997,0.241310,0.306441,-0.357217,0.304683,-0.135505,0.302836
5,1.258997,0.247368,0.270291,-0.423411,0.307714,-0.253856,0.313911
6,1.158997,0.235026,0.247545,-0.478204,0.332347,-0.341143,0.319614
7,1.055998,0.219348,0.223773,-0.608129,0.330835,-0.434013,0.325143
8,0.957998,0.203340,0.201137,-0.608129,0.330835,-0.523467,0.330387
9,0.856999,0.185395,0.177922,-0.865062,0.387929,-0.617106,0.335905
10,0.758999,0.166541,0.155361,-0.665449,0.406685,-0.709406,0.341224
11,0.659000,0.145810,0.132472,-0.814777,0.308565,-0.805081,0.346783
12,0.557000,0.123301,0.109282,-0.735975,0.328195,-0.904034,0.352610
13,0.458000,0.100441,0.086779,-1.027297,0.358301,-1.001089,0.358271
14,0.353000,0.075194,0.063053,-1.087486,0.371724,-1.105029,0.364416
15,0.158000,0.026142,0.020890,-0.308086,0.266171,-1.300223,0.377728
-1,-0.749449,-0.027137,0.284486,0.156942,0.000000,-1.300223,0.377728
