132109,124.603035,-6.747259,-0.170354,-0.950632,0.170784,-0.434894,0.166254,132105
132109,124.512054,-6.646142,-0.108372,-0.459603,0.296600,-0.454751,0.218594,132008
132109,124.362061,-6.444347,-0.004663,-0.226326,0.463603,-0.452397,0.306407,131867
132109,124.053070,-5.965767,0.198399,-0.376786,0.480418,-0.384670,0.476723,131642
132109,124.021080,-5.909959,0.204631,-0.163648,0.471807,-0.371398,0.479564,131516
132109,123.843086,-5.590791,0.219795,-0.155471,0.411872,-0.288902,0.475864,131339
132109,123.678101,-5.270813,0.186991,-0.384503,0.366885,-0.188300,0.425576,131173
132109,123.582123,-5.071657,0.150596,-0.384503,0.366885,-0.116761,0.379008,131084
132109,123.411133,-4.701227,0.070930,0.094115,0.271939,0.026310,0.281221,130906
132109,123.328148,-4.511212,0.028508,0.319708,0.241659,0.105983,0.230004,130827
132109,123.142159,-4.075370,-0.071940,0.353196,0.255530,0.294522,0.109846,130638
132109,123.044174,-3.839086,-0.127391,0.154598,0.262906,0.400519,0.044011,130539
132109,122.943192,-3.592218,-0.186134,0.512932,0.206229,0.513115,-0.025435,130448
-1,-1.329663,-6.312365,-0.105979,-0.336608,0.000000,0.000000,0.000000,0.000000
