13737,6.029967,0.000000,0.000000,0.296397,0.273255,0.323012,0.274174
13737,5.888969,0.000000,0.000000,0.313555,0.271282,0.316004,0.274818
13737,5.676975,0.000000,0.000000,0.305577,0.281351,0.305467,0.275785
13737,5.599977,0.000000,0.000000,0.343537,0.276445,0.301640,0.276136
13737,5.449979,0.000000,0.000000,0.343537,0.276445,0.294184,0.276821
13737,5.311985,0.000000,0.000000,0.149046,0.309537,0.287325,0.277450
13737,5.173986,0.000000,0.000000,0.299466,0.291165,0.280466,0.278080
13737,5.032989,0.000000,0.000000,0.285713,0.256290,0.273458,0.278723
13737,4.882991,0.000000,0.000000,0.251860,0.297194,0.266002,0.279408
13737,4.736993,0.000000,0.000000,0.430064,0.247854,0.258746,0.280074
13737,4.455001,0.000000,0.000000,0.243590,0.307568,0.244729,0.281361
13737,4.300003,0.000000,0.000000,0.166651,0.269053,0.237025,0.282068
-1,-0.049704,-0.323012,0.004563,-0.274174,0.000000,0.237025,0.282068
