0,88.902176,1.663126,-0.530296,1.847691,-0.522597,1.849711,-0.509046
1,88.807205,1.623477,-0.484225,1.821068,-0.498551,1.795429,-0.463221
2,88.756210,1.602393,-0.459406,1.814186,-0.438230,1.766487,-0.438536
3,88.672234,1.568601,-0.419545,1.471345,-0.240274,1.719755,-0.398893
4,88.625237,1.549995,-0.397662,1.487646,-0.229481,1.693907,-0.377132
5,88.137321,1.381024,-0.218249,1.388312,-0.207524,1.449753,-0.198989
6,88.101326,1.371272,-0.210098,1.448060,-0.179455,1.434454,-0.190933
7,88.068329,1.362847,-0.203541,1.436836,-0.187709,1.420944,-0.184461
8,88.023338,1.352130,-0.195821,1.375819,-0.177970,1.403295,-0.176858
9,88.002342,1.347530,-0.192689,1.496150,-0.090735,1.395459,-0.173781
-1,-0.154091,-0.186586,-0.002603,-0.021250,0.000000,1.395459,-0.173781
