0,118.098099,0.449504,1.566570,1.789241,0.482423,1.611371,0.479388
1,117.950119,0.804615,1.468215,1.789241,0.482423,1.779131,0.482310
2,117.876137,0.996813,1.415948,1.852861,0.476514,1.877663,0.480675
3,117.832138,1.113901,1.384094,2.090192,0.465597,1.939046,0.478933
4,117.745155,1.350587,1.319184,1.997325,0.474398,2.065607,0.473554
5,117.702164,1.468448,1.286355,2.086338,0.468747,2.129038,0.470147
6,117.664169,1.572074,1.257000,2.151891,0.457985,2.184561,0.466795
7,117.621178,1.687563,1.223381,2.167064,0.462196,2.245621,0.462600
8,117.599182,1.745886,1.206065,2.265515,0.454517,2.276096,0.460337
9,117.556190,1.858001,1.172026,2.366922,0.456163,2.333781,0.455721
10,117.535194,1.911720,1.155312,2.386712,0.454143,2.360918,0.453377
11,117.492203,2.019461,1.120910,2.445452,0.450905,2.414229,0.448397
-1,-1.266056,-1.161866,0.684389,1.087181,0.000000,2.414228,0.448397
