0,168.894684,0.905969,1.721725,2.103309,0.344462,2.101180,0.351351
1,168.803680,0.955752,1.702334,2.103309,0.344462,2.123495,0.343682
2,168.750687,0.976288,1.690526,2.082152,0.336924,2.128036,0.338700
3,168.660690,0.991256,1.669052,2.178978,0.318163,2.115839,0.328818
4,168.575729,0.986271,1.647309,2.178978,0.318163,2.085210,0.318019
5,168.528717,0.977545,1.634807,2.182671,0.312079,2.062294,0.311572
6,168.452713,0.954338,1.613766,1.979246,0.297963,2.016146,0.300322
7,168.395721,0.933460,1.597519,1.979246,0.297963,1.978066,0.291416
8,168.303726,0.896338,1.570167,1.917124,0.295305,1.913177,0.275913
9,168.254715,0.875478,1.555097,1.892660,0.271544,1.877524,0.267156
10,168.172729,0.840088,1.528935,1.860674,0.268576,1.817388,0.251555
11,168.120728,0.817430,1.511903,1.751536,0.234931,1.779034,0.241221
12,168.043732,0.783875,1.485780,1.681362,0.212575,1.722238,0.225016
13,167.988724,0.759803,1.466700,1.681362,0.212575,1.681563,0.213021
-1,-0.301836,-1.195211,0.128809,1.370374,0.000000,1.681562,0.213021
