95743,88.248192,-13.852288,2.746292,-0.847492,-0.046611,-0.704136,-0.174738,95739
95743,88.157204,-13.887035,2.665770,-1.239830,-0.197758,-0.753287,-0.219352,95655
95743,87.980209,-13.954102,2.501880,-1.228343,-0.326036,-0.848373,-0.313392,95471
95743,87.889229,-13.972814,2.422101,-0.503742,-0.417736,-0.881488,-0.357266,95387
95743,87.717239,-13.983950,2.287980,-0.500259,-0.474531,-0.919852,-0.423511,95208
95743,87.620255,-13.960514,2.240314,-0.411441,-0.487991,-0.911770,-0.432901,95122
95743,87.447273,-13.886512,2.187261,-0.332533,-0.343537,-0.865152,-0.417687,94938
95743,87.359299,-13.821911,2.189694,-0.383084,-0.361126,-0.814478,-0.380536,94850
95743,87.192307,-13.670849,2.226120,-0.892474,-0.242209,-0.689852,-0.278206,94684
95743,87.093315,-13.556082,2.274053,-0.590503,-0.132920,-0.590756,-0.191206,94593
95743,86.910332,-13.322160,2.379989,-0.662919,-0.104432,-0.385802,-0.013057,94410
95743,86.730362,-13.067997,2.495965,-0.162540,0.180553,-0.160130,0.173944,94221
95743,86.549370,-12.810641,2.606572,-0.221442,0.191480,0.068573,0.355980,94040
-1,-0.158309,-13.148152,0.394649,2.921031,0.000000,0.000000,0.000000,0.000000
