98585,91.079887,-14.955026,2.540561,-0.071090,-0.287537,-0.100683,-0.283680,98581
98585,90.911903,-14.766343,2.328771,-0.066176,-0.488341,-0.043303,-0.431432,98414
98585,90.641930,-14.418135,2.075731,0.160432,-0.639586,0.093884,-0.581554,98143
98585,90.180969,-13.788975,2.057924,0.438039,-0.190959,0.362741,-0.423635,97672
98585,90.093987,-13.710221,2.099360,0.260098,-0.234438,0.373505,-0.349039,97591
98585,89.914001,-13.587563,2.200112,-0.002148,-0.177002,0.355481,-0.179675,97410
98585,89.826019,-13.561361,2.257341,0.254982,-0.121389,0.312912,-0.088906,97325
98585,89.650024,-13.542177,2.380350,-0.745210,0.204385,0.194533,0.101196,97149
98585,89.483047,-13.560616,2.509590,0.051082,0.349725,0.045579,0.294090,96974
98585,89.391075,-13.574138,2.584613,0.051082,0.349725,-0.039832,0.404174,96882
98585,89.215088,-13.601404,2.726213,0.040711,0.358400,-0.204657,0.612864,96706
-1,-0.781636,-14.854342,0.381216,2.824241,0.000000,0.000000,0.000000,0.000000
