0,151.662704,1.708900,0.893785,1.350596,0.035128,1.206945,0.058655
1,151.574722,1.672259,0.890044,1.222746,0.055036,1.220483,0.057909
2,151.527725,1.658250,0.888108,1.197265,0.060254,1.233277,0.057574
3,151.417725,1.653089,0.883479,1.309751,0.065597,1.290852,0.056691
4,151.338730,1.675749,0.880153,1.309751,0.065597,1.358565,0.056054
5,151.295731,1.696658,0.878304,1.390211,0.055669,1.403998,0.055670
6,151.213745,1.762138,0.874820,1.484101,0.052942,1.516235,0.054978
7,151.155746,1.821645,0.872379,1.679385,0.047728,1.608822,0.054512
8,151.070755,1.937527,0.868988,1.728936,0.055651,1.773175,0.054015
9,151.028763,2.003087,0.867223,2.014533,0.056251,1.862685,0.053680
10,150.920761,2.202887,0.862419,2.377799,0.047170,2.124080,0.052554
11,150.839752,2.372756,0.858776,2.377799,0.047170,2.340152,0.051669
12,150.791748,2.478701,0.856606,2.472793,0.045706,2.473475,0.051133
13,150.763748,2.542591,0.855356,2.521787,0.050873,2.553334,0.050837
14,150.729736,2.621325,0.853841,2.661593,0.055056,2.651465,0.050480
15,150.686737,2.722569,0.851928,2.731675,0.054402,2.777233,0.050031
-1,0.570324,0.501954,0.034051,0.835130,0.000000,2.777231,0.050031
