97153,89.650024,-13.542177,2.380350,-0.745210,0.204385,0.211632,0.203038,97149
97153,89.483047,-13.560616,2.509590,0.051082,0.349725,0.090767,0.265421,96974
97153,89.391075,-13.574138,2.584613,0.051082,0.349725,0.020827,0.303619,96882
97153,89.215088,-13.601404,2.726213,0.040711,0.358400,-0.114394,0.374754,96706
97153,89.120110,-13.618150,2.790225,0.008138,0.366591,-0.189401,0.400738,96618
97153,88.943123,-13.651425,2.893159,-0.079807,0.431914,-0.331244,0.432807,96442
97153,88.683151,-13.712367,2.952526,-0.849319,0.492890,-0.551657,0.388083,96174
97153,88.507164,-13.762847,2.916599,-0.847492,-0.046611,-0.710091,0.281692,96006
97153,88.248192,-13.852288,2.746292,-0.847492,-0.046611,-0.958391,0.007695,95739
97153,88.157204,-13.887035,2.665770,-1.239830,-0.197758,-1.048952,-0.109259,95655
97153,87.980209,-13.954102,2.501880,-1.228343,-0.326036,-1.224590,-0.344017,95471
97153,87.889229,-13.972814,2.422101,-0.503742,-0.417736,-1.299111,-0.460224,95387
-1,-0.613420,-13.753809,-0.400394,2.177313,0.000000,0.000000,0.000000,0.000000
