84519,77.025421,-8.938168,1.807791,-0.340978,-0.700931,-0.285019,-0.627948,84515
84519,76.847435,-8.784002,1.675365,0.123097,-0.664220,-0.226423,-0.682690,84337
84519,76.753448,-8.717508,1.629637,-0.216448,-0.761692,-0.210396,-0.687396,84243
84519,76.574455,-8.605113,1.574871,-0.078008,-0.743510,-0.194111,-0.664039,84072
84519,76.485481,-8.547895,1.581959,-0.403483,-0.561336,-0.184668,-0.618116,83981
84519,76.315498,-8.432275,1.634962,-0.341542,-0.482510,-0.160320,-0.490922,83805
84519,76.223518,-8.362719,1.698880,-0.080452,-0.223251,-0.140152,-0.386858,83713
84519,76.052528,-8.226194,1.846871,0.020298,-0.168431,-0.095441,-0.164237,83542
84519,75.951553,-8.138338,1.944082,-0.063476,-0.015698,-0.061804,-0.022954,83442
84519,75.784561,-7.985874,2.109105,-0.372365,0.253674,0.000994,0.214954,83274
84519,75.682579,-7.885865,2.201211,0.179905,0.355460,0.046244,0.351572,83178
84519,75.516586,-7.716856,2.339916,0.271732,0.319685,0.126122,0.562726,83012
84519,75.226601,-7.408707,2.538429,0.138737,0.396197,0.278564,0.887806,82812
-1,-0.536951,-8.653149,0.436462,2.435739,0.000000,0.000000,0.000000,0.000000
