26476,18.769003,0.537087,0.230735,0.284182,0.338846,0.320314,0.326854
26476,18.623995,0.537061,0.230741,0.409852,0.328156,0.318256,0.328275
26476,18.479986,0.537032,0.230747,0.321023,0.324370,0.316210,0.329686
26476,18.334978,0.537000,0.230754,0.300066,0.327476,0.314147,0.331108
26476,18.181969,0.536965,0.230762,0.333039,0.340544,0.311968,0.332609
26476,18.038960,0.536929,0.230770,0.344258,0.329844,0.309930,0.334013
26476,17.885948,0.536888,0.230779,0.210823,0.349442,0.307745,0.335515
26476,17.719940,0.536839,0.230790,0.356377,0.336816,0.305371,0.337146
26476,17.564932,0.536790,0.230801,0.258943,0.351788,0.303150,0.338669
26476,17.421923,0.536741,0.230812,0.276448,0.340060,0.301098,0.340076
26476,17.274912,0.536687,0.230824,0.286085,0.347768,0.298985,0.341522
26476,17.126904,0.536628,0.230838,0.297218,0.327792,0.296853,0.342980
26476,16.970896,0.536561,0.230853,0.297071,0.336966,0.294601,0.344517
-1,-0.014007,0.216773,0.009758,-0.096119,0.000000,0.294601,0.344517
