0,3.060009,0.000000,0.000000,-0.403569,0.217491,-0.379032,0.204165
1,2.710003,0.000000,0.000000,-0.322888,0.201838,-0.354872,0.203775
2,2.498001,0.000000,0.000000,-0.582887,0.203043,-0.340238,0.203539
3,2.276999,0.000000,0.000000,-0.241903,0.197469,-0.324982,0.203293
4,2.115998,0.000000,0.000000,-0.282060,0.188560,-0.313868,0.203114
5,2.048997,0.000000,0.000000,-0.263716,0.187591,-0.309243,0.203039
6,1.977996,0.000000,0.000000,-0.490063,0.233804,-0.304342,0.202960
7,1.916996,0.000000,0.000000,-0.407218,0.229167,-0.300131,0.202892
8,1.843997,0.000000,0.000000,-0.142633,0.202695,-0.295092,0.202810
9,1.774997,0.000000,0.000000,-0.326066,0.213355,-0.290329,0.202734
10,1.710997,0.000000,0.000000,-0.288475,0.188921,-0.285911,0.202662
11,1.641997,0.000000,0.000000,-0.490141,0.222177,-0.281148,0.202585
12,1.572998,0.000000,0.000000,-0.250973,0.198000,-0.276385,0.202509
13,1.483998,0.000000,0.000000,-0.247938,0.186826,-0.270242,0.202409
14,1.441998,0.000000,0.000000,-0.366594,0.226844,-0.267343,0.202363
-1,0.069029,0.379032,-0.001114,-0.204165,0.000000,-0.267343,0.202363
