81407,73.913750,-6.585743,2.143087,0.720694,-0.218210,0.674240,-0.212006,81403
81407,73.823761,-6.526573,2.059207,0.720694,-0.218210,0.721049,-0.283151,81320
81407,73.644775,-6.421073,1.888832,0.836706,-0.604195,0.801964,-0.428196,81140
81407,73.560791,-6.388000,1.812522,0.829641,-0.655780,0.823501,-0.492620,81056
81407,73.383812,-6.336571,1.666442,0.843674,-0.779735,0.850622,-0.613654,80873
81407,73.118835,-6.313987,1.596532,0.796351,-0.627900,0.836809,-0.646065,80608
81407,73.025856,-6.317357,1.630329,0.766158,-0.607418,0.820668,-0.599109,80515
81407,72.849869,-6.329831,1.746517,0.163599,-0.291442,0.784021,-0.458015,80346
81407,72.760887,-6.335886,1.837403,0.286224,-0.084677,0.765744,-0.354536,80255
81407,72.583900,-6.347672,2.038684,0.730810,-0.129281,0.729647,-0.128208,80073
81407,72.215935,-6.379920,2.421307,0.758286,0.147688,0.646857,0.306490,79705
81407,72.122940,-6.391381,2.481314,0.753931,0.148012,0.622623,0.379657,79613
-1,-0.137357,-7.259983,0.141521,2.355093,0.000000,0.000000,0.000000,0.000000
