24216,16.514874,0.536332,0.230904,0.259488,0.323896,0.275915,0.324195
24216,16.358864,0.536241,0.230924,0.271695,0.340653,0.271273,0.327882
24216,16.220858,0.536154,0.230944,0.321023,0.324370,0.267160,0.331144
24216,16.073849,0.536054,0.230966,0.284133,0.357170,0.262773,0.334621
24216,16.004837,0.536004,0.230978,0.258770,0.333296,0.260709,0.336254
24216,15.867837,0.535900,0.231001,0.258770,0.333296,0.256610,0.339497
24216,15.733838,0.535792,0.231025,0.245398,0.353767,0.252592,0.342670
24216,15.594839,0.535671,0.231052,0.190475,0.361721,0.248417,0.345964
24216,15.449839,0.535536,0.231082,0.284133,0.357170,0.244053,0.349402
24216,15.307838,0.535393,0.231114,0.258723,0.351820,0.239769,0.352770
24216,15.013841,0.535074,0.231186,0.177968,0.353955,0.230874,0.359751
24216,14.922841,0.534962,0.231211,0.175273,0.363850,0.228107,0.361914
24216,14.758842,0.534745,0.231260,0.258505,0.351851,0.223107,0.365817
-1,-0.029168,0.260418,0.023500,-0.093291,0.000000,0.223107,0.365817
