19022,11.314868,0.521868,0.234144,0.285830,0.292889,0.286985,0.293736
19022,11.169869,0.520679,0.234411,0.271078,0.303903,0.255636,0.297352
19022,11.021871,0.519370,0.234704,0.203514,0.293545,0.223543,0.301063
19022,10.950871,0.518698,0.234855,0.038344,0.332155,0.208103,0.302853
19022,10.890873,0.518111,0.234986,0.296539,0.300606,0.195036,0.304370
19022,10.822872,0.517424,0.235140,0.149046,0.309537,0.180205,0.306095
19022,10.757874,0.516744,0.235292,0.174692,0.306467,0.166006,0.307748
19022,10.688873,0.515999,0.235459,0.299770,0.300097,0.150908,0.309508
19022,10.621875,0.515250,0.235627,0.297280,0.336936,0.136224,0.311224
19022,10.555877,0.514487,0.235798,0.132006,0.311500,0.121733,0.312919
19022,10.487878,0.513675,0.235980,0.325512,0.359582,0.106777,0.314671
19022,10.394878,0.512526,0.236237,0.081754,0.317182,0.086284,0.317076
19022,10.355880,0.512024,0.236350,-0.102411,0.442292,0.077671,0.318089
-1,-0.208001,0.234883,0.023095,-0.059592,0.000000,0.077671,0.318089
