0,37.786545,-10.076772,-0.771556,-0.955055,0.249158,-0.609757,0.185994
1,37.692570,-10.034460,-0.681794,-0.921422,0.365388,-0.651335,0.255953
2,37.526588,-9.956233,-0.521873,-0.380215,0.377636,-0.721276,0.380898
3,37.419621,-9.901470,-0.434393,-0.715450,0.479196,-0.762000,0.445837
4,37.259636,-9.815687,-0.322650,-0.212789,0.466630,-0.819032,0.523866
5,37.161663,-9.758952,-0.277715,-0.030919,0.484759,-0.849755,0.548155
6,36.987686,-9.653005,-0.224945,-0.574080,0.546225,-0.899112,0.564264
7,36.823708,-9.544621,-0.222658,-0.999054,0.520014,-0.937109,0.531995
8,36.726738,-9.475900,-0.244294,-0.999054,0.520014,-0.954950,0.489925
9,36.557751,-9.350641,-0.306910,-0.945457,0.387734,-0.980542,0.391699
10,36.467770,-9.278085,-0.361382,-1.258232,0.271098,-0.988309,0.318266
11,36.291786,-9.129275,-0.489378,-1.390255,0.233654,-0.996596,0.153185
12,36.104839,-8.954140,-0.652827,-0.972149,-0.052610,-0.988344,-0.049658
13,35.928852,-8.777614,-0.817813,-0.401427,-0.216621,-0.968917,-0.251730
-1,-0.892676,-9.467014,-0.210728,-0.957550,0.000000,-0.968917,-0.251730
