131871,124.362061,-6.444347,-0.004663,-0.226326,0.463603,-0.230881,0.301833,131867
131871,124.053070,-5.965767,0.198399,-0.376786,0.480418,-0.208955,0.474096,131642
131871,124.021080,-5.909959,0.204631,-0.163648,0.471807,-0.200425,0.477139,131516
131871,123.843086,-5.590791,0.219795,-0.155471,0.411872,-0.144313,0.474561,131339
131871,123.678101,-5.270813,0.186991,-0.384503,0.366885,-0.068166,0.425313,131173
131871,123.582123,-5.071657,0.150596,-0.384503,0.366885,-0.010854,0.379351,131084
131871,123.411133,-4.701227,0.070930,0.094115,0.271939,0.106870,0.282641,130906
131871,123.328148,-4.511212,0.028508,0.319708,0.241659,0.174243,0.231947,130827
131871,123.142159,-4.075370,-0.071940,0.353196,0.255530,0.335213,0.112961,130638
131871,123.044174,-3.839086,-0.127391,0.154598,0.262906,0.426686,0.047744,130539
131871,122.943192,-3.592218,-0.186134,0.512932,0.206229,0.524313,-0.021065,130448
131871,122.846207,-3.354028,-0.244868,0.743537,-0.115812,0.619170,-0.089466,130341
-1,-1.477893,-6.213467,-0.099676,-0.306496,0.000000,0.000000,0.000000,0.000000
