31482,23.781313,0.537414,0.230662,0.247194,0.325641,0.383370,0.331060
31482,23.625305,0.537412,0.230662,0.388273,0.331751,0.377400,0.330048
31482,23.470297,0.537409,0.230662,0.377468,0.333481,0.371469,0.329042
31482,23.393286,0.537408,0.230663,0.367257,0.326331,0.368521,0.328542
31482,23.243277,0.537405,0.230664,0.367257,0.326331,0.362780,0.327569
31482,23.089270,0.537402,0.230664,0.286271,0.347741,0.356886,0.326569
31482,22.948261,0.537399,0.230665,0.336144,0.313261,0.351489,0.325655
31482,22.801250,0.537395,0.230666,0.320978,0.342398,0.345862,0.324701
31482,22.650242,0.537391,0.230667,0.355743,0.345832,0.340082,0.323721
31482,22.499231,0.537387,0.230668,0.333081,0.322615,0.334302,0.322742
31482,22.347223,0.537383,0.230668,0.332928,0.313630,0.328483,0.321755
31482,22.202213,0.537379,0.230669,0.388461,0.331722,0.322932,0.320815
31482,22.057205,0.537374,0.230671,0.309942,0.316960,0.317381,0.319874
-1,-0.038251,0.154044,-0.006493,-0.100399,0.000000,0.317381,0.319874
