0,49.802803,-19.380863,0.273386,-1.054303,0.553051,-0.854767,0.549341
1,49.625820,-19.096909,0.189425,-1.459502,0.586529,-0.783719,0.488245
2,49.351856,-18.603718,-0.024891,-0.623699,0.303678,-0.620102,0.309323
3,49.274876,-18.450899,-0.091132,-0.258828,0.051274,-0.559890,0.253028
4,49.090885,-18.069954,-0.245926,0.127944,0.009514,-0.400282,0.122003
5,48.996906,-17.857578,-0.291084,-0.500260,0.089705,-0.300961,0.088987
6,48.823921,-17.448406,-0.332764,-0.054776,0.144065,-0.099886,0.069656
7,48.641937,-17.001635,-0.321972,0.448749,0.139602,0.127962,0.103959
8,48.458950,-16.572495,-0.302479,0.318506,0.177190,0.336972,0.147092
9,48.369965,-16.388647,-0.291952,0.533011,0.208584,0.413771,0.169116
10,48.187977,-16.046345,-0.269393,0.454086,0.216405,0.537146,0.215187
11,48.055012,-15.858524,-0.250709,0.378913,0.235617,0.565012,0.251049
-1,-1.202981,-18.526096,0.129193,-0.275955,0.000000,0.565012,0.251049
