115741,108.244965,-8.096987,0.362657,0.857078,-0.159583,0.747810,-0.175534,115738
115741,108.160980,-8.007998,0.374134,0.834414,-0.127076,0.808166,-0.168862,115656
115741,107.979996,-7.863649,0.402222,0.786654,-0.157916,0.890813,-0.151127,115473
115741,107.787025,-7.843585,0.440048,0.837326,-0.158649,0.845088,-0.124342,115280
115741,107.611038,-7.908317,0.474009,0.693475,-0.134485,0.720358,-0.100449,115105
115741,107.321083,-8.160477,0.487343,-0.329238,-0.110782,0.369344,-0.103704,114814
115741,107.144089,-8.338710,0.483250,0.096074,-0.043190,0.130769,-0.117923,114637
115741,107.052109,-8.434105,0.488709,0.063767,-0.053613,0.004016,-0.117726,114546
115741,106.879120,-8.610113,0.511439,-0.333284,-0.105584,-0.230969,-0.104893,114372
115741,106.789139,-8.700685,0.525000,0.167933,-0.105873,-0.352217,-0.096479,114282
115741,106.613152,-8.883845,0.547212,-0.565843,-0.000842,-0.595377,-0.084337,114106
115741,106.522156,-8.986710,0.547286,-1.368002,-0.159971,-0.729264,-0.089469,114016
115741,106.346169,-9.194144,0.535396,-0.765083,-0.101845,-0.996698,-0.111426,113839
-1,-0.340927,-8.844797,-0.057211,0.538191,0.000000,0.000000,0.000000,0.000000
