20021,12.312860,0.528063,0.232757,0.345349,0.267266,0.340087,0.268088
20021,12.142862,0.527219,0.232946,0.285358,0.347875,0.322440,0.272337
20021,11.982864,0.526353,0.233140,-0.624982,0.422101,0.305760,0.276352
20021,11.766865,0.525062,0.233429,0.129598,0.360444,0.283119,0.281800
20021,11.615867,0.524075,0.233650,0.488438,0.248432,0.267207,0.285627
20021,11.466867,0.523024,0.233885,0.399924,0.260344,0.251429,0.289421
20021,11.314868,0.521868,0.234144,0.285830,0.292889,0.235249,0.293310
20021,11.169869,0.520679,0.234411,0.271078,0.303903,0.219728,0.297039
20021,11.021871,0.519370,0.234704,0.203514,0.293545,0.203791,0.300867
20021,10.950871,0.518698,0.234855,0.038344,0.332155,0.196101,0.302713
20021,10.890873,0.518111,0.234986,0.296539,0.300606,0.189583,0.304277
20021,10.822872,0.517424,0.235140,0.149046,0.309537,0.182175,0.306055
20021,10.757874,0.516744,0.235292,0.174692,0.306467,0.175071,0.307760
20021,10.688873,0.515999,0.235459,0.299770,0.300097,0.167506,0.309574
20021,10.621875,0.515250,0.235627,0.297280,0.336936,0.160134,0.311342
20021,10.555877,0.514487,0.235798,0.132006,0.311500,0.152848,0.313089
20021,10.487878,0.513675,0.235980,0.325512,0.359582,0.145314,0.314895
20021,10.394878,0.512526,0.236237,0.081754,0.317182,0.134974,0.317374
-1,-0.098842,0.187976,0.023882,-0.035331,0.000000,0.134974,0.317374
