87454,79.954079,-9.643072,2.632737,-0.119831,0.392400,0.198198,0.402717,87451
87454,79.782089,-9.649657,2.830724,-0.066674,0.511475,0.076540,0.554893,87278
87454,79.590134,-9.660613,3.061604,-0.066177,0.994813,-0.062847,0.734645,87086
87454,79.412148,-9.672799,3.259403,0.056842,0.999235,-0.194118,0.885037,86909
87454,79.322166,-9.681267,3.328589,-0.242804,1.093448,-0.262789,0.930255,86815
87454,79.147171,-9.700543,3.426181,-0.375528,1.118257,-0.399150,0.981236,86643
87454,78.978195,-9.725460,3.439894,-0.708016,0.683124,-0.537123,0.949941,86468
87454,78.716217,-9.774106,3.326141,-0.708016,0.683124,-0.761051,0.766409,86212
87454,78.631233,-9.789451,3.256142,-0.890177,0.519499,-0.833255,0.673774,86127
87454,78.449242,-9.810527,3.088061,-0.968877,0.462280,-0.976097,0.457218,85939
87454,78.350273,-9.794971,2.987571,-1.269503,0.321360,-1.026758,0.330368,85846
-1,-0.669069,-9.841270,-0.266356,2.230020,0.000000,0.000000,0.000000,0.000000
