54729,47.021278,0.537437,0.230657,0.218362,0.348302,0.278708,0.327994
54729,46.873295,0.537437,0.230657,0.355587,0.328121,0.281131,0.330351
54729,46.731312,0.537437,0.230657,0.258770,0.333296,0.283456,0.332613
54729,46.646332,0.537437,0.230657,0.388794,0.322892,0.284847,0.333966
54729,46.503349,0.537437,0.230657,0.388794,0.322892,0.287188,0.336244
54729,46.364365,0.537437,0.230657,0.332831,0.349489,0.289464,0.338458
54729,46.217381,0.537437,0.230657,0.261663,0.342187,0.291871,0.340799
54729,46.068398,0.537437,0.230657,0.232572,0.346314,0.294310,0.343173
54729,45.992413,0.537437,0.230657,0.297114,0.318746,0.295555,0.344383
54729,45.843430,0.537437,0.230657,0.297114,0.318746,0.297994,0.346756
54729,45.700443,0.537437,0.230657,0.271643,0.359075,0.300335,0.349034
54729,45.560455,0.537437,0.230657,0.236552,0.355146,0.302628,0.351264
54729,45.415474,0.537437,0.230657,0.310052,0.353167,0.305002,0.353573
54729,45.272491,0.537437,0.230657,0.333039,0.340544,0.307343,0.355851
-1,0.016374,0.258729,0.015930,-0.097337,0.000000,0.307343,0.355851
