0,21.908213,0.368554,-0.501855,-0.627954,0.301592,-0.668329,0.300847
1,21.763205,0.368547,-0.501847,-0.853753,0.341442,-0.669025,0.302666
2,21.687191,0.368543,-0.501842,-0.682865,0.293011,-0.669390,0.303619
3,21.540186,0.368535,-0.501833,-0.682865,0.293011,-0.670097,0.305463
4,21.330164,0.368522,-0.501820,-0.538187,0.319224,-0.671108,0.308099
5,21.047134,0.368503,-0.501799,-0.738804,0.308855,-0.672473,0.311653
6,20.913128,0.368493,-0.501787,-0.448377,0.324082,-0.673120,0.313337
7,20.764118,0.368481,-0.501774,-0.587255,0.310870,-0.673840,0.315211
8,20.614109,0.368468,-0.501760,-0.795959,0.337540,-0.674566,0.317097
9,20.474100,0.368455,-0.501746,-0.687621,0.305556,-0.675245,0.318859
10,20.329092,0.368440,-0.501729,-0.741324,0.321405,-0.675949,0.320686
11,20.183084,0.368425,-0.501712,-0.582871,0.322480,-0.676658,0.322526
-1,-0.004754,1.036883,0.012484,-0.802702,0.000000,-0.676658,0.322526
