110376,102.879608,-6.285341,0.137043,-0.126526,-0.232285,-0.142217,-0.233702,110373
110376,102.784622,-6.043009,0.171681,-0.045980,-0.246395,-0.044082,-0.205367,110277
110376,102.609634,-5.582119,0.251189,0.360540,-0.154430,0.151162,-0.137473,110108
110376,102.516647,-5.339104,0.300661,-0.043726,-0.077641,0.253014,-0.094172,110009
110376,102.202667,-4.592192,0.485683,0.432089,0.257063,0.523276,0.070013,109802
110376,102.075676,-4.397115,0.567130,0.378747,0.271143,0.525569,0.143032,109574
110376,101.720703,-4.259602,0.786852,0.318891,0.466581,0.124203,0.339196,109213
110376,101.621727,-4.303569,0.831922,0.338584,0.434753,-0.070018,0.377697,109114
110376,101.444733,-4.408601,0.890134,0.184881,0.423172,-0.443744,0.424164,108938
110376,101.278748,-4.520698,0.888994,-1.079076,0.350247,-0.807820,0.412007,108771
110376,101.186768,-4.588763,0.860835,-1.079076,0.350247,-1.015519,0.377744,108679
-1,-1.518088,-6.143124,-0.066365,0.370745,0.000000,0.000000,0.000000,0.000000
