40842,33.141647,0.537437,0.230657,0.333277,0.322587,0.327910,0.321953
40842,32.983662,0.537437,0.230657,0.333277,0.322587,0.328573,0.322992
40842,32.832676,0.537437,0.230657,0.388461,0.331722,0.329206,0.323985
40842,32.692684,0.537437,0.230657,0.388501,0.314256,0.329793,0.324905
40842,32.546700,0.537437,0.230657,0.320812,0.324400,0.330405,0.325865
40842,32.370720,0.537437,0.230657,0.333081,0.322615,0.331143,0.327022
40842,32.219734,0.537437,0.230657,0.321023,0.324370,0.331776,0.328015
40842,32.142754,0.537437,0.230657,0.286311,0.329433,0.332098,0.328521
40842,31.999769,0.537437,0.230657,0.286311,0.329433,0.332698,0.329461
40842,31.852762,0.537437,0.230657,0.333039,0.340544,0.333314,0.330428
40842,31.698753,0.537437,0.230657,0.286085,0.347768,0.333960,0.331441
40842,31.536745,0.537437,0.230657,0.366828,0.335170,0.334639,0.332506
40842,31.390736,0.537437,0.230657,0.367295,0.308686,0.335251,0.333466
40842,31.241728,0.537437,0.230657,0.344258,0.329844,0.335876,0.334446
-1,0.004193,0.209526,0.006575,-0.091296,0.000000,0.335876,0.334446
