0,62.303627,1.732220,0.529003,1.094205,0.603439,1.095570,0.689376
1,62.269634,1.736492,0.501154,1.094205,0.603439,1.104304,0.654033
2,62.177654,1.725641,0.422647,1.212833,0.555327,1.105525,0.555252
3,62.138660,1.711873,0.388096,1.098607,0.549807,1.096875,0.512106
4,62.101665,1.693249,0.354518,1.185611,0.497330,1.083106,0.470373
5,61.606770,1.143813,-0.141477,0.538560,-0.214835,0.598625,-0.134710
6,61.539783,1.075161,-0.202733,0.538560,-0.214835,0.538765,-0.210732
7,61.504787,1.043634,-0.233083,0.511670,-0.246978,0.511832,-0.248796
8,61.474796,1.019425,-0.258107,0.601661,-0.270780,0.491558,-0.280431
9,61.436798,0.990762,-0.289123,0.457968,-0.325445,0.467883,-0.319822
-1,0.131249,0.636649,-0.220426,-0.160372,0.000000,0.467883,-0.319822
