0,54.189098,-2.424773,0.876508,-4.234944,0.224594,-3.956656,0.219451
1,54.018112,-2.361442,0.767302,-4.234944,0.224594,-3.943953,0.139000
2,53.755150,-2.359269,0.578981,-4.027016,0.151930,-4.019643,-0.005098
3,53.649181,-2.376676,0.497483,-3.728023,-0.077415,-4.068427,-0.068775
4,53.555210,-2.394245,0.425964,-3.848154,-0.192962,-4.113821,-0.124490
5,53.446236,-2.415511,0.349344,-4.038774,-0.276222,-4.167354,-0.182785
6,53.353260,-2.434379,0.292837,-3.990514,-0.246477,-4.213751,-0.223656
7,53.173267,-2.472555,0.205074,-4.200448,-0.272639,-4.305222,-0.281149
8,53.156273,-2.476408,0.199787,-4.403137,-0.284026,-4.314107,-0.283578
9,53.056297,-2.499707,0.176410,-4.446951,-0.280527,-4.367009,-0.290142
10,52.956326,-2.524227,0.166525,-4.419789,-0.251325,-4.421131,-0.283214
11,52.857353,-2.549669,0.169332,-4.485590,-0.196602,-4.475878,-0.263763
12,52.754375,-2.576932,0.183547,-1.262612,-0.339875,-4.533633,-0.232230
-1,-0.296097,1.531883,0.168172,0.657057,0.000000,-4.533630,-0.232230
