21129,13.427855,0.532124,0.231847,0.194441,0.351704,0.345306,0.333294
21129,13.279858,0.531708,0.231940,0.261663,0.342187,0.337690,0.332210
21129,13.204857,0.531482,0.231991,0.332881,0.331559,0.333815,0.331665
21129,13.052857,0.531003,0.232098,0.332881,0.331559,0.325942,0.330563
21129,12.900859,0.530487,0.232214,0.335150,0.322218,0.318031,0.329471
21129,12.754859,0.529952,0.232334,0.404698,0.302975,0.310393,0.328430
21129,12.611858,0.529386,0.232460,0.286085,0.347768,0.302871,0.327420
21129,12.467859,0.528774,0.232597,0.205377,0.283905,0.295253,0.326412
21129,12.312860,0.528063,0.232757,0.345349,0.267266,0.287002,0.325339
21129,12.142862,0.527219,0.232946,0.285358,0.347875,0.277888,0.324177
21129,11.982864,0.526353,0.233140,-0.624982,0.422101,0.269238,0.323099
21129,11.766865,0.525062,0.233429,0.129598,0.360444,0.257439,0.321671
21129,11.615867,0.524075,0.233650,0.488438,0.248432,0.249107,0.320691
-1,-0.048648,0.186818,-0.007950,-0.101447,0.000000,0.249107,0.320691
