29906,22.202213,0.537379,0.230669,0.388461,0.331722,0.340949,0.328409
29906,22.057205,0.537374,0.230671,0.309942,0.316960,0.340253,0.328019
29906,21.903198,0.537369,0.230672,0.313920,0.325487,0.339512,0.327604
29906,21.751188,0.537363,0.230673,0.320978,0.342398,0.338782,0.327194
29906,21.607182,0.537357,0.230674,0.345428,0.338624,0.338089,0.326806
29906,21.460173,0.537351,0.230676,0.367257,0.326331,0.337381,0.326411
29906,21.297163,0.537343,0.230677,0.409169,0.302398,0.336595,0.325972
29906,21.149153,0.537335,0.230679,0.333277,0.322587,0.335881,0.325574
29906,21.002142,0.537327,0.230681,0.276412,0.358447,0.335171,0.325178
29906,20.857132,0.537318,0.230683,0.345467,0.320796,0.334471,0.324788
29906,20.712126,0.537309,0.230685,0.367217,0.343977,0.333770,0.324399
29906,20.565115,0.537299,0.230687,0.333277,0.322587,0.333058,0.324004
29906,20.427109,0.537289,0.230690,0.247154,0.344255,0.332389,0.323633
-1,-0.004772,0.196429,-0.002702,-0.097740,0.000000,0.332389,0.323633
