73390,65.680389,0.537437,0.230657,0.232572,0.346314,0.273775,0.340845
73390,65.524399,0.537437,0.230657,0.356144,0.336852,0.278404,0.340605
73390,65.442413,0.537437,0.230657,0.246957,0.344283,0.280836,0.340479
73390,65.297424,0.537437,0.230657,0.246957,0.344283,0.285138,0.340256
73390,65.157440,0.537437,0.230657,0.335614,0.340048,0.289292,0.340041
73390,65.022453,0.537437,0.230657,0.332881,0.331559,0.293297,0.339834
73390,64.887459,0.537437,0.230657,0.296864,0.336996,0.297302,0.339626
73390,64.733475,0.537437,0.230657,0.332881,0.331559,0.301871,0.339390
73390,64.587486,0.537437,0.230657,0.378483,0.342039,0.306202,0.339165
73390,64.430489,0.537437,0.230657,0.310949,0.334827,0.310860,0.338924
73390,64.289505,0.537437,0.230657,0.296923,0.346046,0.315044,0.338708
73390,64.147514,0.537437,0.230657,0.320812,0.324400,0.319256,0.338489
73390,64.001534,0.537437,0.230657,0.345643,0.338493,0.323588,0.338265
73390,63.868546,0.537437,0.230657,0.284182,0.338846,0.327534,0.338061
-1,0.029670,0.263661,-0.001537,-0.110188,0.000000,0.327533,0.338061
