23435,15.733838,0.535792,0.231025,0.245398,0.353767,0.243197,0.358058
23435,15.594839,0.535671,0.231052,0.190475,0.361721,0.239385,0.357285
23435,15.449839,0.535536,0.231082,0.284133,0.357170,0.235399,0.356482
23435,15.307838,0.535393,0.231114,0.258723,0.351820,0.231486,0.355697
23435,15.013841,0.535074,0.231186,0.177968,0.353955,0.223359,0.354077
23435,14.922841,0.534962,0.231211,0.175273,0.363850,0.220830,0.353579
23435,14.758842,0.534745,0.231260,0.258505,0.351851,0.216259,0.352684
23435,14.605844,0.534526,0.231309,0.205626,0.359579,0.211977,0.351853
23435,14.455846,0.534294,0.231361,0.205626,0.359579,0.207761,0.351042
23435,14.312847,0.534055,0.231414,0.161555,0.375430,0.203725,0.350273
23435,14.159848,0.533780,0.231476,0.205671,0.340648,0.199387,0.349455
23435,14.017850,0.533505,0.231537,0.218362,0.348302,0.195341,0.348700
-1,-0.026556,0.292594,-0.005752,-0.127033,0.000000,0.195341,0.348700
