25746,18.038960,0.536929,0.230770,0.344258,0.329844,0.296640,0.340859
25746,17.885948,0.536888,0.230779,0.210823,0.349442,0.294752,0.340628
25746,17.719940,0.536839,0.230790,0.356377,0.336816,0.292700,0.340380
25746,17.564932,0.536790,0.230801,0.258943,0.351788,0.290780,0.340148
25746,17.421923,0.536741,0.230812,0.276448,0.340060,0.289005,0.339935
25746,17.274912,0.536687,0.230824,0.286085,0.347768,0.287176,0.339717
25746,17.126904,0.536628,0.230838,0.297218,0.327792,0.285331,0.339499
25746,16.970896,0.536561,0.230853,0.297071,0.336966,0.283381,0.339270
25746,16.818890,0.536491,0.230869,0.272436,0.349799,0.281476,0.339048
25746,16.660881,0.536411,0.230886,0.286085,0.347768,0.279490,0.338819
25746,16.514874,0.536332,0.230904,0.259488,0.323896,0.277648,0.338608
25746,16.358864,0.536241,0.230924,0.271695,0.340653,0.275674,0.338384
25746,16.220858,0.536154,0.230944,0.321023,0.324370,0.273921,0.338188
-1,-0.012070,0.240289,-0.001565,-0.110088,0.000000,0.273921,0.338188
