26855,19.154034,0.537151,0.230721,0.272479,0.331382,0.295740,0.333414
26855,18.992022,0.537126,0.230726,0.297026,0.355188,0.296693,0.334042
26855,18.917011,0.537113,0.230729,0.284182,0.338846,0.297133,0.334332
26855,18.769003,0.537087,0.230735,0.284182,0.338846,0.298000,0.334906
26855,18.623995,0.537061,0.230741,0.409852,0.328156,0.298847,0.335469
26855,18.479986,0.537032,0.230747,0.321023,0.324370,0.299687,0.336028
26855,18.334978,0.537000,0.230754,0.300066,0.327476,0.300531,0.336591
26855,18.181969,0.536965,0.230762,0.333039,0.340544,0.301418,0.337186
26855,18.038960,0.536929,0.230770,0.344258,0.329844,0.302245,0.337743
26855,17.885948,0.536888,0.230779,0.210823,0.349442,0.303126,0.338340
26855,17.719940,0.536839,0.230790,0.356377,0.336816,0.304079,0.338988
26855,17.564932,0.536790,0.230801,0.258943,0.351788,0.304965,0.339593
26855,17.421923,0.536741,0.230812,0.276448,0.340060,0.305779,0.340153
-1,0.006032,0.241410,0.003838,-0.102694,0.000000,0.305779,0.340153
