116010,108.512924,-8.517016,0.336317,0.794375,-0.209895,0.516468,-0.192358,116006
116010,108.420959,-8.360947,0.344091,0.790061,-0.186578,0.632807,-0.189422,115920
116010,108.244965,-8.096987,0.362657,0.857078,-0.159583,0.820733,-0.180113,115738
116010,108.160980,-8.007998,0.374134,0.834414,-0.127076,0.873438,-0.173055,115656
116010,107.979996,-7.863649,0.402222,0.786654,-0.157916,0.939598,-0.154486,115473
116010,107.787025,-7.843585,0.440048,0.837326,-0.158649,0.876294,-0.126811,115280
116010,107.611038,-7.908317,0.474009,0.693475,-0.134485,0.735532,-0.102106,115105
116010,107.321083,-8.160477,0.487343,-0.329238,-0.110782,0.358104,-0.104024,114814
116010,107.144089,-8.338710,0.483250,0.096074,-0.043190,0.103406,-0.117427,114637
116010,107.052109,-8.434105,0.488709,0.063767,-0.053613,-0.031727,-0.116807,114546
116010,106.879120,-8.610113,0.511439,-0.333284,-0.105584,-0.282470,-0.103175,114372
116010,106.789139,-8.700685,0.525000,0.167933,-0.105873,-0.411916,-0.094347,114282
116010,106.613152,-8.883845,0.547212,-0.565843,-0.000842,-0.671107,-0.081393,114106
-1,-0.432023,-9.033484,-0.052601,0.528676,0.000000,0.000000,0.000000,0.000000
