0,47.478241,1.533357,-1.186785,2.427549,-0.535526,2.443334,-0.521479
1,47.437244,1.584330,-1.186782,2.482606,-0.521511,2.482564,-0.517070
2,47.400249,1.628502,-1.184272,2.554952,-0.504397,2.516140,-0.510583
3,47.379253,1.652686,-1.181664,2.566130,-0.491214,2.534310,-0.505719
4,47.280270,1.758682,-1.159112,2.639679,-0.423969,2.611954,-0.472526
5,47.180286,1.852126,-1.119724,2.639679,-0.423969,2.676759,-0.422391
6,47.147289,1.879895,-1.103276,2.677730,-0.354712,2.695076,-0.402396
7,47.048313,1.952085,-1.043134,2.743249,-0.332494,2.738916,-0.331615
8,47.007317,1.977654,-1.014729,2.725839,-0.310437,2.752743,-0.298803
9,46.974319,1.995777,-0.990290,2.753998,-0.271321,2.761414,-0.270818
10,46.913334,2.023324,-0.941761,2.771228,-0.160539,2.771492,-0.215733
11,46.777367,2.058557,-0.820205,2.819578,-0.042575,2.767779,-0.079561
12,46.678387,2.064497,-0.722823,2.725690,0.109118,2.745368,0.028460
13,46.605396,2.063257,-0.648312,2.725690,0.109118,2.723221,0.110817
14,46.537403,2.060789,-0.577402,2.739614,0.144998,2.701278,0.189035
-1,-0.286435,-0.909977,0.107491,-0.665306,0.000000,2.701277,0.189035
