0,1.508996,1.916384,0.054191,0.480777,0.366675,0.515744,0.326828
1,1.240997,1.282679,-0.011815,0.400486,0.017725,0.030514,0.250618
2,1.137998,1.071144,-0.010797,-0.159306,0.072469,-0.123958,0.247714
3,1.042998,0.890763,0.003356,0.086160,0.027851,-0.251709,0.258249
4,0.938998,0.710205,0.020293,-0.374451,0.427029,-0.374649,0.271227
5,0.836999,0.551115,0.025019,-0.227152,0.371847,-0.477231,0.272069
6,0.743999,0.422107,0.017812,-0.686955,0.315046,-0.554716,0.261321
7,0.642000,0.299077,0.004461,-0.615428,0.284971,-0.621237,0.244086
8,0.545000,0.200577,-0.010142,-0.271583,0.153300,-0.665998,0.225790
9,0.445000,0.118975,-0.021594,-0.954573,0.059316,-0.692199,0.210530
10,0.343000,0.057440,-0.022201,-0.565710,0.185635,-0.697225,0.206039
11,0.140000,0.002289,-0.002138,-1.524916,0.322849,-0.639910,0.218373
-1,0.554012,1.400640,-0.038076,-0.272637,0.000000,-0.639910,0.218373
