112415,104.912354,-9.394672,0.981707,-2.444213,0.571510,-2.447895,0.554118,112412
112415,104.813377,-9.301283,1.018488,-2.142308,0.560187,-2.359500,0.567126,112312
112415,104.644394,-9.135261,1.064275,-2.555003,0.603553,-2.202007,0.572326,112143
112415,104.546417,-9.031919,1.068172,-2.811455,0.636153,-2.103610,0.552690,112039
112415,104.379425,-8.847975,1.050971,-1.758134,0.480168,-1.928094,0.495381,111872
112415,104.287445,-8.739201,1.019064,-1.246428,0.421183,-1.823962,0.441381,111780
112415,104.112457,-8.523310,0.931705,-1.692361,0.355311,-1.616903,0.311993,111610
112415,103.846481,-8.159163,0.713609,-1.389277,-0.120231,-1.266180,0.030013,111345
112415,103.753510,-8.017306,0.627106,-1.019783,-0.213733,-1.129016,-0.078820,111246
112415,103.577522,-7.732873,0.458076,-1.015422,-0.309172,-0.853466,-0.290118,111076
112415,103.487549,-7.572730,0.373808,-0.659348,-0.393126,-0.697863,-0.395997,110980
112415,103.312561,-7.245812,0.226018,-0.158074,-0.411869,-0.379777,-0.585817,110806
112415,103.138573,-6.886104,0.139343,-0.057184,-0.289306,-0.028850,-0.714281,110638
-1,-0.050471,-6.946778,-0.240184,0.427590,0.000000,0.000000,0.000000,0.000000
