0,138.461548,1.028609,-0.059750,1.682096,-0.067381,1.684443,-0.088444
1,138.375565,1.137734,-0.147843,1.682096,-0.067381,1.775988,-0.158488
2,138.328568,1.198941,-0.195619,1.851418,-0.183781,1.827586,-0.196398
3,138.228577,1.334879,-0.294008,2.034558,-0.337170,1.943080,-0.273798
4,138.147583,1.450422,-0.367624,2.034558,-0.337170,2.042063,-0.330412
5,138.095581,1.526732,-0.410835,2.153992,-0.409324,2.107741,-0.362707
6,138.004593,1.666582,-0.469285,2.220399,-0.425733,2.228987,-0.402058
7,137.956589,1.742891,-0.492748,2.345302,-0.434393,2.295482,-0.415444
8,137.864594,1.895178,-0.521181,2.422797,-0.432754,2.428960,-0.424566
9,137.830597,1.953499,-0.527024,2.482608,-0.424051,2.480329,-0.423273
10,137.793594,2.018517,-0.530479,2.550715,-0.412342,2.537783,-0.418961
11,137.731613,2.130590,-0.531588,2.655805,-0.392119,2.637183,-0.407059
12,137.697617,2.193572,-0.530671,2.691266,-0.371902,2.693214,-0.399006
13,137.632629,2.316936,-0.527314,2.762723,-0.365063,2.803290,-0.382007
14,137.600632,2.378803,-0.525390,2.830873,-0.372991,2.858616,-0.373366
-1,-0.204459,-0.655834,0.209914,0.028694,0.000000,2.858614,-0.373366
