12437,4.736993,0.000000,0.000000,0.430064,0.247854,0.192139,0.286190
12437,4.455001,0.000000,0.000000,0.243590,0.307568,0.211026,0.286068
12437,4.300003,0.000000,0.000000,0.166651,0.269053,0.221408,0.286001
12437,4.155005,0.000000,0.000000,0.344826,0.285235,0.231119,0.285938
12437,3.936010,0.000000,0.000000,0.210434,0.292820,0.245787,0.285843
12437,3.797009,0.000000,0.000000,0.243441,0.326228,0.255097,0.285783
12437,3.644008,0.000000,0.000000,0.156986,0.318300,0.265345,0.285717
12437,3.289004,0.000000,0.000000,0.101268,0.324877,0.289123,0.285563
12437,3.195004,0.000000,0.000000,0.344826,0.285235,0.295419,0.285522
12437,3.045003,0.000000,0.000000,0.305577,0.281351,0.305465,0.285457
12437,2.893002,0.000000,0.000000,0.364909,0.273863,0.315646,0.285392
-1,0.066978,-0.192139,-0.000433,-0.286190,0.000000,0.315646,0.285392
