0,50.690674,-20.298410,0.409760,-1.951247,0.608816,-1.278471,0.602801
1,50.502716,-20.180136,0.390435,-1.178306,0.561483,-1.304010,0.601296
2,50.318733,-20.037645,0.368354,-3.101007,-0.583255,-1.302293,0.596660
3,50.237751,-19.955660,0.357434,-1.303607,0.623254,-1.282270,0.593418
4,50.054768,-19.746193,0.331165,-1.516064,0.547790,-1.212811,0.584497
5,49.888786,-19.512516,0.301031,-1.054303,0.553051,-1.106133,0.570100
6,49.802803,-19.380863,0.273386,-1.054303,0.553051,-1.040269,0.550608
7,49.625820,-19.096909,0.189425,-1.459502,0.586529,-0.891731,0.483427
8,49.351856,-18.603718,-0.024891,-0.623699,0.303678,-0.608161,0.295086
9,49.274876,-18.450899,-0.091132,-0.258828,0.051274,-0.514243,0.236144
10,49.090885,-18.069954,-0.245926,0.127944,0.009514,-0.274077,0.098793
11,48.996906,-17.857578,-0.291084,-0.500260,0.089705,-0.133608,0.062546
-1,-0.765140,-19.019939,0.094812,-0.193041,0.000000,-0.133608,0.062546
