85413,77.913315,-9.609152,2.530591,-0.446721,-0.114437,-0.477031,-0.118001,85409
85413,77.821327,-9.553394,2.451305,-0.462182,-0.172817,-0.471112,-0.166765,85311
85413,77.647339,-9.440001,2.313093,-0.317974,-0.230633,-0.451985,-0.247246,85143
85413,77.481354,-9.319797,2.180644,-0.892059,-0.368343,-0.421711,-0.324620,84971
85413,77.391373,-9.249666,2.107419,-0.892059,-0.368343,-0.400332,-0.367989,84882
85413,77.212387,-9.103620,1.960065,-0.557222,-0.362470,-0.351259,-0.455953,84709
85413,77.025421,-8.938168,1.807791,-0.340978,-0.700931,-0.287105,-0.546191,84515
85413,76.847435,-8.784002,1.675365,0.123097,-0.664220,-0.229372,-0.619560,84337
85413,76.753448,-8.717508,1.629637,-0.216448,-0.761692,-0.213800,-0.634102,84243
85413,76.574455,-8.605113,1.574871,-0.078008,-0.743510,-0.198383,-0.629476,84072
85413,76.485481,-8.547895,1.581959,-0.403483,-0.561336,-0.189371,-0.592866,83981
85413,76.315498,-8.432275,1.634962,-0.341542,-0.482510,-0.165847,-0.483461,83805
85413,76.223518,-8.362719,1.698880,-0.080452,-0.223251,-0.146125,-0.389023,83713
85413,76.052528,-8.226194,1.846871,0.020298,-0.168431,-0.102243,-0.184297,83542
-1,-0.541797,-9.132121,0.331809,2.648592,0.000000,0.000000,0.000000,0.000000
