35183,27.482504,0.537434,0.230657,0.388461,0.331722,0.338105,0.332721
35183,27.330492,0.537434,0.230657,0.336077,0.349073,0.335247,0.332785
35183,27.187485,0.537434,0.230657,0.261880,0.323661,0.332557,0.332845
35183,27.039480,0.537434,0.230657,0.377512,0.315923,0.329774,0.332907
35183,26.892475,0.537433,0.230657,0.310094,0.335050,0.327009,0.332970
35183,26.740467,0.537433,0.230657,0.284406,0.338814,0.324150,0.333034
35183,26.588457,0.537432,0.230658,0.333039,0.340544,0.321292,0.333098
35183,26.449450,0.537432,0.230658,0.300066,0.327476,0.318677,0.333156
35183,26.299442,0.537432,0.230658,0.310094,0.335050,0.315856,0.333220
35183,26.162437,0.537431,0.230658,0.321023,0.324370,0.313279,0.333277
35183,26.011429,0.537431,0.230658,0.323046,0.333125,0.310439,0.333341
35183,25.860420,0.537430,0.230658,0.377468,0.333481,0.307599,0.333405
35183,25.713413,0.537429,0.230658,0.252258,0.334289,0.304834,0.333467
-1,-0.018804,0.199329,0.000421,-0.102064,0.000000,0.304834,0.333467
