71305,63.601570,0.537437,0.230657,0.284182,0.338846,0.325140,0.336179
71305,63.463585,0.537437,0.230657,0.333039,0.340544,0.323472,0.336254
71305,63.219601,0.537437,0.230657,0.296974,0.327826,0.320521,0.336387
71305,63.126606,0.537437,0.230657,0.332886,0.322643,0.319396,0.336438
71305,63.046623,0.537437,0.230657,0.271643,0.359075,0.318429,0.336481
71305,62.907639,0.537437,0.230657,0.271643,0.359075,0.316748,0.336556
71305,62.770649,0.537437,0.230657,0.366657,0.317555,0.315092,0.336631
71305,62.627666,0.537437,0.230657,0.388620,0.305464,0.313362,0.336709
71305,62.484680,0.537437,0.230657,0.409899,0.310877,0.311633,0.336786
71305,62.339699,0.537437,0.230657,0.308865,0.344243,0.309880,0.336865
71305,62.199715,0.537437,0.230657,0.308865,0.344243,0.308187,0.336941
71305,62.065727,0.537437,0.230657,0.355587,0.328121,0.306567,0.337014
71305,61.915745,0.537437,0.230657,0.283960,0.338878,0.304753,0.337095
71305,61.769760,0.537437,0.230657,0.296864,0.336996,0.302987,0.337175
-1,-0.012094,0.212296,0.000543,-0.105523,0.000000,0.302987,0.337175
