108941,101.444733,-4.408601,0.890134,0.184881,0.423172,-1.230516,0.344040,108938
108941,101.278748,-4.520698,0.888994,-1.079076,0.350247,-1.061498,0.332726,108771
108941,101.186768,-4.588763,0.860835,-1.079076,0.350247,-0.973786,0.298930,108679
108941,101.015778,-4.722542,0.777026,-0.764300,-0.005582,-0.817974,0.204641,108514
108941,100.756805,-4.951473,0.565157,-0.640539,-0.133127,-0.608307,-0.023101,108256
108941,100.670822,-5.034179,0.487093,-0.267929,-0.398273,-0.545391,-0.106436,108163
108941,100.471832,-5.230055,0.307842,-0.200019,-0.448084,-0.404255,-0.297884,107971
108941,100.386848,-5.306066,0.264880,-2.190159,-0.675706,-0.336337,-0.346054,107879
108941,100.211861,-5.453142,0.215371,-2.190159,-0.675706,-0.187052,-0.406289,107704
108941,100.116875,-5.520875,0.223481,-0.216276,-0.314113,-0.093915,-0.404000,107609
108941,99.942886,-5.628022,0.262886,-1.258762,-0.366544,0.093606,-0.375260,107442
108941,99.853912,-5.659960,0.289002,-1.328643,-0.354318,0.212356,-0.354597,107347
108941,99.680923,-5.694577,0.345058,-2.082567,-0.251156,0.470715,-0.309144,107179
-1,1.693611,-3.178085,-0.061292,0.546094,0.000000,0.000000,0.000000,0.000000
