114641,107.144089,-8.338710,0.483250,0.096074,-0.043190,0.094092,-0.084247,114637
114641,107.052109,-8.434105,0.488709,0.063767,-0.053613,0.007721,-0.087511,114546
114641,106.879120,-8.610113,0.511439,-0.333284,-0.105584,-0.151317,-0.081184,114372
114641,106.789139,-8.700685,0.525000,0.167933,-0.105873,-0.233061,-0.076156,114282
114641,106.613152,-8.883845,0.547212,-0.565843,-0.000842,-0.398957,-0.070633,114106
114641,106.522156,-8.986710,0.547286,-1.368002,-0.159971,-0.492895,-0.079188,114016
114641,106.346169,-9.194144,0.535396,-0.765083,-0.101845,-0.683065,-0.107766,113839
114641,106.258186,-9.297286,0.528868,-0.364353,-0.302072,-0.777575,-0.122637,113751
114641,106.076210,-9.497880,0.518275,-0.684598,-0.362848,-0.960317,-0.150487,113575
114641,105.988235,-9.570284,0.529678,-0.954568,-0.299612,-1.024090,-0.147426,113487
114641,105.773247,-9.709639,0.583115,-0.834383,-0.270620,-1.142354,-0.114376,113337
114641,105.615265,-9.742339,0.645596,-1.222697,-0.066923,-1.159556,-0.066876,113108
114641,105.444283,-9.737251,0.720577,-3.261168,0.224581,-1.137695,-0.008109,112943
114641,105.357300,-9.708076,0.761084,-1.186647,0.221730,-1.099987,0.024149,112850
-1,0.098102,-8.432802,-0.094828,0.567497,0.000000,0.000000,0.000000,0.000000
