0,141.929474,2.295645,-0.451193,2.190333,-0.118509,2.134606,-0.118843
1,141.852478,2.275967,-0.386546,2.124141,-0.076239,2.132666,-0.070188
2,141.799469,2.252053,-0.340448,2.124141,-0.076239,2.120965,-0.035099
3,141.664474,2.140979,-0.215596,1.914888,0.267667,2.040991,0.061715
4,141.480484,1.894609,-0.031905,1.752999,0.331793,1.837009,0.207192
5,141.410477,1.782762,0.036969,1.752999,0.331793,1.741290,0.261525
6,141.354477,1.689716,0.089346,1.639496,0.405516,1.661146,0.302272
7,141.277481,1.555616,0.152349,1.629123,0.400655,1.544784,0.349283
8,141.221481,1.455383,0.194086,1.501676,0.416654,1.457452,0.379388
9,141.194473,1.405650,0.212660,1.354489,0.402200,1.413942,0.392354
10,141.158478,1.338385,0.236616,1.354489,0.402200,1.354969,0.408833
11,141.129471,1.283312,0.255421,1.321544,0.397540,1.306579,0.421613
12,141.094482,1.215757,0.277842,1.225762,0.411853,1.247085,0.436767
13,141.057480,1.143186,0.301667,1.225762,0.411853,1.183039,0.452907
-1,0.230381,0.161039,-0.207696,-0.332350,0.000000,1.183039,0.452907
