73375,65.882599,-5.538806,1.760930,-0.743985,0.199891,-0.751189,0.217518,73371
73375,65.784607,-5.493707,1.728774,-0.627378,0.215884,-0.702404,0.196146,73273
73375,65.688614,-5.448785,1.695713,-0.988670,0.172738,-0.653871,0.173649,73183
73375,65.514626,-5.364127,1.633408,-0.928822,0.164832,-0.562669,0.130490,73009
73375,65.417648,-5.312638,1.598501,-0.986794,0.136186,-0.507532,0.106255,72912
73375,65.223679,-5.201501,1.532685,0.064545,-0.062987,-0.389099,0.061784,72719
73375,65.045692,-5.091563,1.476922,-0.176761,-0.035903,-0.272466,0.025608,72541
73375,64.965706,-5.037646,1.454642,-0.223004,-0.025081,-0.215540,0.012131,72454
73375,64.778725,-4.905547,1.406404,0.204798,-0.011607,-0.076408,-0.015531,72274
73375,64.418762,-4.609391,1.341387,0.018739,-0.042137,0.233288,-0.040936,71907
73375,64.328773,-4.525734,1.331623,-0.737022,0.177244,0.320329,-0.040797,71817
-1,0.037615,-4.787617,0.110046,1.543412,0.000000,0.000000,0.000000,0.000000
