0,23.291500,-11.806859,2.264800,0.778595,-0.160956,0.819879,-0.143104
1,23.027472,-11.938229,2.280905,0.740969,-0.166768,0.527592,-0.063702
2,22.939461,-11.980681,2.286853,0.725614,-0.117938,0.431499,-0.036654
3,22.755451,-12.066215,2.299959,0.403589,0.181526,0.233818,0.020565
4,22.565420,-12.146098,2.314312,-0.093418,0.335903,0.038117,0.080476
5,22.388411,-12.215473,2.328763,-0.298292,0.311569,-0.139140,0.137362
6,22.285391,-12.251951,2.337804,-0.744401,0.295199,-0.238405,0.171101
7,22.187374,-12.284354,2.346784,-0.732783,0.307906,-0.330546,0.203579
8,21.816334,-12.387544,2.384176,-0.656822,0.289880,-0.659873,0.329923
9,21.652323,-12.421037,2.402555,-0.563873,0.390028,-0.793325,0.387621
10,21.561312,-12.434081,2.413724,-0.820996,0.389238,-0.861838,0.420609
11,21.391306,-12.452509,2.435575,-1.202121,0.429086,-0.983879,0.483217
-1,-0.609468,-12.626738,0.239736,2.407904,0.000000,-0.983879,0.483217
