0,17.366983,-10.049872,1.799919,-0.730004,-0.324484,-0.312612,-0.185204
1,17.192974,-9.987007,1.621924,-0.622884,-0.356384,-0.389935,-0.315795
2,17.092958,-9.947377,1.539535,-0.163628,-0.374671,-0.430882,-0.370936
3,16.920952,-9.875683,1.418678,-0.515136,-0.459334,-0.497762,-0.444934
4,16.830940,-9.834543,1.377296,-0.514535,-0.455399,-0.529140,-0.461793
5,16.657932,-9.751598,1.324279,-0.514535,-0.455399,-0.585577,-0.467679
6,16.565920,-9.703605,1.323243,-0.508287,-0.376799,-0.611712,-0.443648
7,16.389910,-9.607263,1.351322,-0.514597,-0.287677,-0.657170,-0.367618
8,16.294897,-9.550685,1.386485,-0.533989,-0.206633,-0.677139,-0.306571
9,16.122889,-9.443152,1.462234,-0.971074,-0.174869,-0.708183,-0.183962
10,16.040878,-9.387805,1.502866,-0.793103,-0.116377,-0.718906,-0.120988
11,15.859871,-9.260182,1.598171,-0.756162,-0.052611,-0.737110,0.023629
12,15.591873,-9.047694,1.760806,-0.738409,0.181818,-0.740531,0.259274
-1,-0.805639,-9.737261,0.272429,1.985123,0.000000,-0.740531,0.259274
