91716,84.222580,-10.533103,2.553482,0.158779,-0.009865,-0.176984,0.146144,91713
91716,84.049591,-10.659910,2.622903,-0.427113,0.197466,-0.264635,0.190782,91540
91716,83.955605,-10.744105,2.664416,-0.464972,0.150184,-0.327556,0.218830,91446
91716,83.781616,-10.906375,2.745005,-0.267120,0.305356,-0.450444,0.274492,91277
91716,83.509644,-11.094800,2.882009,-0.592931,0.357028,-0.577308,0.372531,91006
91716,83.415680,-11.123938,2.932373,-0.926587,0.428419,-0.585177,0.409433,90912
91716,83.245697,-11.147497,3.026143,-0.553288,0.501420,-0.570261,0.478850,90743
91716,83.154716,-11.138514,3.078440,-0.321033,0.518082,-0.540684,0.518113,90651
91716,82.973732,-11.101969,3.181595,-0.412213,0.611657,-0.463173,0.595338,90471
91716,82.657761,-11.003684,3.303055,-0.204778,0.627841,-0.293368,0.671530,90252
91716,82.620773,-10.991303,3.301731,-0.362565,0.697893,-0.272615,0.664906,90118
91716,82.445786,-10.931598,3.270872,-0.174172,0.584810,-0.173301,0.608978,89942
-1,0.226350,-10.356119,-0.143268,2.407337,0.000000,0.000000,0.000000,0.000000
