34295,26.588457,0.537432,0.230658,0.333039,0.340544,0.301844,0.337062
34295,26.449450,0.537432,0.230658,0.300066,0.327476,0.306225,0.336161
34295,26.299442,0.537432,0.230658,0.310094,0.335050,0.310952,0.335189
34295,26.162437,0.537431,0.230658,0.321023,0.324370,0.315270,0.334300
34295,26.011429,0.537431,0.230658,0.323046,0.333125,0.320028,0.333321
34295,25.860420,0.537430,0.230658,0.377468,0.333481,0.324787,0.332342
34295,25.713413,0.537429,0.230658,0.252258,0.334289,0.329420,0.331389
34295,25.489407,0.537428,0.230658,0.345428,0.338624,0.336478,0.329937
34295,25.337395,0.537427,0.230659,0.357780,0.318972,0.341269,0.328951
34295,25.262384,0.537427,0.230659,0.300066,0.327476,0.343632,0.328465
34295,25.129379,0.537426,0.230659,0.300066,0.327476,0.347823,0.327603
34295,24.977371,0.537425,0.230659,0.419419,0.318040,0.352613,0.326617
34295,24.827360,0.537424,0.230659,0.355587,0.328121,0.357340,0.325645
-1,0.031517,0.235588,-0.006484,-0.106405,0.000000,0.357340,0.325645
