80349,72.849869,-6.329831,1.746517,0.163599,-0.291442,0.508981,-0.277271,80346
80349,72.760887,-6.335886,1.837403,0.286224,-0.084677,0.491813,-0.203921,80255
80349,72.583900,-6.347672,2.038684,0.730810,-0.129281,0.457922,-0.037518,80073
80349,72.215935,-6.379920,2.421307,0.758286,0.147688,0.379719,0.272590,79705
80349,72.122940,-6.391381,2.481314,0.753931,0.148012,0.356644,0.314271,79613
80349,71.949951,-6.415428,2.560575,0.464411,0.435674,0.310993,0.359441,79439
80349,71.851959,-6.431842,2.567502,0.284824,0.416933,0.282340,0.347057,79347
80349,71.680984,-6.463614,2.541226,0.108455,0.449539,0.229215,0.287087,79170
80349,71.578995,-6.486529,2.485988,-0.104176,0.210244,0.193562,0.211749,79075
80349,71.317009,-6.551533,2.296982,-0.038565,-0.046445,0.095839,-0.028885,78806
80349,71.225029,-6.576867,2.229721,0.112477,-0.116525,0.059017,-0.114273,78714
80349,71.048042,-6.627428,2.106220,-0.015964,-0.211466,-0.013648,-0.272653,78543
-1,-0.124891,-6.838812,-0.197069,2.023788,0.000000,0.000000,0.000000,0.000000
