0,41.449017,-12.659080,0.752502,-0.759504,1.178538,-0.291572,0.924149
1,41.257057,-12.564173,0.937246,-0.052512,1.090791,-0.385865,1.111278
2,41.092072,-12.477035,1.066097,-0.463761,1.276680,-0.461340,1.242179
3,41.005093,-12.427568,1.113738,-0.598969,1.326216,-0.497603,1.290901
4,40.832108,-12.325052,1.182745,-0.332143,1.318832,-0.565585,1.362057
5,40.736130,-12.263561,1.193049,-0.375843,1.298246,-0.598692,1.373554
6,40.558144,-12.144174,1.180467,-0.556355,1.321300,-0.654731,1.363183
7,40.458168,-12.070971,1.140225,-1.014803,1.310938,-0.680068,1.324183
8,40.288181,-11.940388,1.040729,-0.789829,1.260040,-0.717027,1.226799
9,40.097237,-11.777630,0.882229,-1.324533,1.155642,-0.742469,1.070671
10,39.924255,-11.618967,0.721914,-1.085790,0.963487,-0.754300,0.912505
11,39.835285,-11.529859,0.632041,-0.727019,0.825307,-0.752883,0.823738
12,39.651299,-11.336612,0.437379,-0.531307,0.625991,-0.740978,0.631362
-1,-0.985624,-12.367508,0.012425,-0.171647,0.000000,-0.740978,0.631362
