41608,33.907570,0.537437,0.230657,0.323046,0.333125,0.322463,0.334258
41608,33.755585,0.537437,0.230657,0.272436,0.349799,0.323158,0.333166
41608,33.602600,0.537437,0.230657,0.320978,0.342398,0.323858,0.332067
41608,33.449615,0.537437,0.230657,0.323009,0.351138,0.324558,0.330968
41608,33.298630,0.537437,0.230657,0.367295,0.308686,0.325249,0.329883
41608,33.141647,0.537437,0.230657,0.333277,0.322587,0.325967,0.328755
41608,32.983662,0.537437,0.230657,0.333277,0.322587,0.326690,0.327620
41608,32.832676,0.537437,0.230657,0.388461,0.331722,0.327381,0.326535
41608,32.692684,0.537437,0.230657,0.388501,0.314256,0.328021,0.325529
41608,32.546700,0.537437,0.230657,0.320812,0.324400,0.328689,0.324480
41608,32.370720,0.537437,0.230657,0.333081,0.322615,0.329494,0.323216
41608,32.219734,0.537437,0.230657,0.321023,0.324370,0.330185,0.322131
41608,32.142754,0.537437,0.230657,0.286311,0.329433,0.330537,0.321578
-1,0.004575,0.214974,-0.007185,-0.103602,0.000000,0.330537,0.321578
