41456,33.755585,0.537437,0.230657,0.272436,0.349799,0.328904,0.343783
41456,33.602600,0.537437,0.230657,0.320978,0.342398,0.328363,0.341773
41456,33.449615,0.537437,0.230657,0.323009,0.351138,0.327822,0.339763
41456,33.298630,0.537437,0.230657,0.367295,0.308686,0.327288,0.337780
41456,33.141647,0.537437,0.230657,0.333277,0.322587,0.326732,0.335717
41456,32.983662,0.537437,0.230657,0.333277,0.322587,0.326173,0.333642
41456,32.832676,0.537437,0.230657,0.388461,0.331722,0.325639,0.331658
41456,32.692684,0.537437,0.230657,0.388501,0.314256,0.325144,0.329819
41456,32.546700,0.537437,0.230657,0.320812,0.324400,0.324627,0.327901
41456,32.370720,0.537437,0.230657,0.333081,0.322615,0.324005,0.325589
41456,32.219734,0.537437,0.230657,0.321023,0.324370,0.323471,0.323605
41456,32.142754,0.537437,0.230657,0.286311,0.329433,0.323198,0.322594
41456,31.999769,0.537437,0.230657,0.286311,0.329433,0.322692,0.320715
-1,-0.003538,0.208532,-0.013138,-0.113127,0.000000,0.322692,0.320715
