104948,97.453224,-4.081911,0.624195,-0.634238,0.176939,-1.216033,0.235222,104945
104948,97.280228,-3.864847,0.580412,-0.634238,0.176939,-1.132807,0.229482,104772
104948,97.194244,-3.747944,0.558201,-1.283104,0.238952,-1.082425,0.226179,104686
104948,97.010262,-3.485741,0.510000,-1.054701,0.216760,-0.962559,0.218437,104509
104948,96.916283,-3.339323,0.485052,-0.879894,0.236374,-0.888847,0.214156,104414
104948,96.743294,-3.056812,0.439071,-0.834613,0.248054,-0.740168,0.206217,104241
104948,96.553329,-2.718333,0.388640,-0.389303,0.160534,-0.548653,0.197560,104045
104948,96.377350,-2.393239,0.342224,-0.416248,0.267183,-0.359705,0.189843,103875
104948,96.207367,-2.097652,0.295191,-0.135575,0.182033,-0.195625,0.180191,103705
104948,96.121384,-1.960240,0.270718,-0.135575,0.182033,-0.124734,0.174626,103613
104948,95.945396,-1.696506,0.219658,-0.009611,0.154695,0.002849,0.162267,103443
104948,95.578438,-1.291028,0.107242,0.355152,-0.008569,0.124431,0.130547,103070
-1,-0.773645,-2.865878,0.219907,0.388973,0.000000,0.000000,0.000000,0.000000
