33567,25.860420,0.537430,0.230658,0.377468,0.333481,0.348718,0.328971
33567,25.713413,0.537429,0.230658,0.252258,0.334289,0.347230,0.328880
33567,25.489407,0.537428,0.230658,0.345428,0.338624,0.344963,0.328741
33567,25.337395,0.537427,0.230659,0.357780,0.318972,0.343425,0.328646
33567,25.262384,0.537427,0.230659,0.300066,0.327476,0.342665,0.328599
33567,25.129379,0.537426,0.230659,0.300066,0.327476,0.341319,0.328517
33567,24.977371,0.537425,0.230659,0.419419,0.318040,0.339780,0.328422
33567,24.827360,0.537424,0.230659,0.355587,0.328121,0.338262,0.328329
33567,24.679354,0.537423,0.230660,0.377512,0.315923,0.336764,0.328237
33567,24.438349,0.537421,0.230660,0.321023,0.324370,0.334323,0.328087
33567,24.364336,0.537421,0.230660,0.333235,0.340515,0.333574,0.328041
33567,24.221331,0.537419,0.230660,0.333235,0.340515,0.332126,0.327952
33567,24.073322,0.537418,0.230661,0.320978,0.342398,0.330627,0.327861
-1,-0.010116,0.188712,-0.000623,-0.098313,0.000000,0.330627,0.327861
