53262,45.560455,0.537437,0.230657,0.236552,0.355146,0.315631,0.348181
53262,45.415474,0.537437,0.230657,0.310052,0.353167,0.316805,0.346480
53262,45.272491,0.537437,0.230657,0.333039,0.340544,0.317963,0.344802
53262,45.126503,0.537437,0.230657,0.323046,0.333125,0.319145,0.343088
53262,44.980522,0.537437,0.230657,0.355587,0.328121,0.320327,0.341375
53262,44.824539,0.537437,0.230657,0.398736,0.338699,0.321590,0.339545
53262,44.610558,0.537437,0.230657,0.178170,0.353928,0.323323,0.337033
53262,44.529560,0.537437,0.230657,0.300030,0.345675,0.323979,0.336083
53262,44.369576,0.537437,0.230657,0.367257,0.326331,0.325274,0.334205
53262,44.229588,0.537437,0.230657,0.284182,0.338846,0.326408,0.332562
53262,44.087605,0.537437,0.230657,0.336112,0.331167,0.327557,0.330896
53262,43.936619,0.537437,0.230657,0.286085,0.347768,0.328780,0.329124
53262,43.787632,0.537437,0.230657,0.333081,0.322615,0.329986,0.327375
-1,0.008097,0.221805,-0.011736,-0.117525,0.000000,0.329986,0.327375
