0,21.652323,-12.421037,2.402555,-0.563873,0.390028,-0.695130,0.345377
1,21.561312,-12.434081,2.413724,-0.820996,0.389238,-0.780602,0.372529
2,21.391306,-12.452509,2.435575,-1.202121,0.429086,-0.934323,0.424235
3,21.298296,-12.456388,2.448399,-0.660394,0.446694,-1.012220,0.453391
4,21.124285,-12.457212,2.473378,-1.054237,0.445786,-1.151526,0.508928
5,20.819233,-12.424213,2.523762,-1.417485,0.568353,-1.361291,0.612882
6,20.656223,-12.392127,2.553692,-1.508579,0.605952,-1.458930,0.671438
7,20.396194,-12.314010,2.608206,-1.588449,0.629007,-1.587747,0.771614
8,20.124168,-12.196176,2.673317,-1.791578,1.045949,-1.686394,0.884496
9,20.026157,-12.142084,2.699080,-1.106882,0.926490,-1.710301,0.927470
10,19.858147,-12.038730,2.745526,-1.367356,1.022892,-1.740652,1.003420
-1,-0.795813,-11.725906,0.175608,2.057178,0.000000,-1.740651,1.003420
