93223,85.728455,-11.860286,2.580326,0.336142,-0.184504,0.267319,-0.081036,93219
93223,85.548454,-11.622960,2.466298,0.245345,-0.177383,0.316766,-0.176756,93039
93223,85.459457,-11.494618,2.423090,0.370132,-0.235936,0.352216,-0.210912,92950
93223,85.284470,-11.230337,2.365608,0.370132,-0.235936,0.433850,-0.250596,92775
93223,85.195488,-11.093802,2.358532,0.619052,-0.224229,0.477509,-0.248622,92686
93223,85.013496,-10.825899,2.362953,0.324719,-0.170481,0.555455,-0.225691,92504
93223,84.923515,-10.721818,2.373535,0.463614,-0.188464,0.565617,-0.205956,92414
93223,84.745514,-10.552922,2.401789,0.444165,-0.207746,0.548721,-0.159598,92236
93223,84.654533,-10.505059,2.421752,0.549696,-0.129909,0.501621,-0.130381,92145
93223,84.482552,-10.454972,2.465327,0.545219,-0.056548,0.372199,-0.069314,91973
93223,84.306564,-10.487283,2.522120,0.158779,-0.009865,0.156199,0.005379,91804
93223,84.222580,-10.533103,2.553482,0.158779,-0.009865,0.022718,0.045283,91713
93223,84.049591,-10.659910,2.622903,-0.427113,0.197466,-0.284649,0.132299,91540
93223,83.955605,-10.744105,2.664416,-0.464972,0.150184,-0.466944,0.183371,91446
-1,-1.043768,-12.127604,0.101710,2.661362,0.000000,0.000000,0.000000,0.000000
