51789,44.087605,0.537437,0.230657,0.336112,0.331167,0.333261,0.349125
51789,43.936619,0.537437,0.230657,0.286085,0.347768,0.331263,0.347084
51789,43.787632,0.537437,0.230657,0.333081,0.322615,0.329291,0.345069
51789,43.635647,0.537437,0.230657,0.284358,0.357136,0.327279,0.343014
51789,43.495659,0.537437,0.230657,0.344211,0.347681,0.325427,0.341121
51789,43.340675,0.537437,0.230657,0.320978,0.342398,0.323376,0.339025
51789,43.196686,0.537437,0.230657,0.388461,0.331722,0.321470,0.337079
51789,43.048698,0.537437,0.230657,0.345428,0.338624,0.319511,0.335077
51789,42.909718,0.537437,0.230657,0.310094,0.335050,0.317672,0.333198
51789,42.752731,0.537437,0.230657,0.429186,0.324972,0.315594,0.331075
51789,42.604740,0.537437,0.230657,0.286125,0.329459,0.313636,0.329074
51789,42.439758,0.537437,0.230657,0.308913,0.326118,0.311452,0.326844
51789,42.287773,0.537437,0.230657,0.309093,0.344208,0.309441,0.324788
-1,-0.013235,0.204176,-0.013522,-0.118469,0.000000,0.309441,0.324788
