0,30.057291,-4.062883,-0.164195,-0.478991,0.514609,-0.576434,0.446948
1,29.975281,-4.038660,-0.234584,-0.604982,0.481498,-0.565208,0.396912
2,29.792271,-3.991859,-0.425978,-0.702440,0.275228,-0.547412,0.250937
3,29.706259,-3.974873,-0.530705,-1.100879,0.156874,-0.544058,0.167557
4,29.526253,-3.945735,-0.760927,-0.543431,-0.154297,-0.543449,-0.017992
5,29.359241,-3.930442,-0.988550,-0.048221,-0.488258,-0.554624,-0.204167
6,29.095222,-3.914001,-1.291282,-0.048221,-0.488258,-0.580027,-0.441375
7,29.003210,-3.907494,-1.349522,-0.007786,-0.539544,-0.588102,-0.476780
8,28.823198,-3.893891,-1.410663,-0.060303,-0.475687,-0.603029,-0.493245
9,28.737186,-3.886525,-1.388815,-0.587243,-0.434333,-0.609295,-0.450051
10,28.560179,-3.870322,-1.290212,-1.236003,-0.295990,-0.621145,-0.307519
11,28.460165,-3.860419,-1.192077,-0.635230,-0.004495,-0.627093,-0.184563
12,28.288155,-3.842424,-0.998984,-1.006335,0.335516,-0.636359,0.051219
-1,-0.158487,-3.486449,0.248178,-0.611143,0.000000,-0.636359,0.051219
