73007,65.297424,0.537437,0.230657,0.246957,0.344283,0.339438,0.337672
73007,65.157440,0.537437,0.230657,0.335614,0.340048,0.336206,0.337752
73007,65.022453,0.537437,0.230657,0.332881,0.331559,0.333088,0.337829
73007,64.887459,0.537437,0.230657,0.296864,0.336996,0.329971,0.337906
73007,64.733475,0.537437,0.230657,0.332881,0.331559,0.326415,0.337994
73007,64.587486,0.537437,0.230657,0.378483,0.342039,0.323043,0.338077
73007,64.430489,0.537437,0.230657,0.310949,0.334827,0.319418,0.338167
73007,64.289505,0.537437,0.230657,0.296923,0.346046,0.316162,0.338247
73007,64.147514,0.537437,0.230657,0.320812,0.324400,0.312883,0.338328
73007,64.001534,0.537437,0.230657,0.345643,0.338493,0.309511,0.338412
73007,63.868546,0.537437,0.230657,0.284182,0.338846,0.306440,0.338487
73007,63.733559,0.537437,0.230657,0.378766,0.324455,0.303323,0.338564
73007,63.601570,0.537437,0.230657,0.284182,0.338846,0.300275,0.338640
-1,-0.023094,0.197998,0.000570,-0.107016,0.000000,0.300275,0.338640
