62242,54.532513,0.537437,0.230657,0.320767,0.342429,0.323051,0.343107
62242,54.382526,0.537437,0.230657,0.286044,0.366078,0.320645,0.343304
62242,54.239536,0.537437,0.230657,0.320812,0.324400,0.318351,0.343492
62242,54.095547,0.537437,0.230657,0.343996,0.347714,0.316040,0.343681
62242,53.868565,0.537437,0.230657,0.297071,0.336966,0.312399,0.343979
62242,53.735577,0.537437,0.230657,0.367073,0.326359,0.310265,0.344154
62242,53.594593,0.537437,0.230657,0.308639,0.344276,0.308003,0.344339
62242,53.441612,0.537437,0.230657,0.246957,0.344283,0.305548,0.344540
62242,53.280628,0.537437,0.230657,0.309902,0.335077,0.302966,0.344751
62242,53.126648,0.537437,0.230657,0.343996,0.347714,0.300495,0.344954
62242,53.047665,0.537437,0.230657,0.284133,0.357170,0.299228,0.345057
62242,52.899681,0.537437,0.230657,0.284133,0.357170,0.296854,0.345252
62242,52.747696,0.537437,0.230657,0.296864,0.336996,0.294415,0.345452
-1,-0.016044,0.214386,0.001314,-0.112450,0.000000,0.294415,0.345452
