0,37.526588,-9.956233,-0.521873,-0.380215,0.377636,-0.399153,0.317066
1,37.419621,-9.901470,-0.434393,-0.715450,0.479196,-0.466446,0.389931
2,37.259636,-9.815687,-0.322650,-0.212789,0.466630,-0.563215,0.479815
3,37.161663,-9.758952,-0.277715,-0.030919,0.484759,-0.618272,0.511364
4,36.987686,-9.653005,-0.224945,-0.574080,0.546225,-0.710842,0.540364
5,36.823708,-9.544621,-0.222658,-0.999054,0.520014,-0.789568,0.520246
6,36.726738,-9.475900,-0.244294,-0.999054,0.520014,-0.831494,0.485362
7,36.557751,-9.350641,-0.306910,-0.945457,0.387734,-0.899059,0.399657
8,36.467770,-9.278085,-0.361382,-1.258232,0.271098,-0.929176,0.332891
9,36.291786,-9.129275,-0.489378,-1.390255,0.233654,-0.981174,0.180850
10,36.104839,-8.954140,-0.652827,-0.972149,-0.052610,-1.019355,-0.008140
11,35.928852,-8.777614,-0.817813,-0.401427,-0.216621,-1.043640,-0.197171
12,35.839870,-8.680518,-0.905639,-0.111506,-0.273919,-1.048078,-0.297155
13,35.658890,-8.474051,-1.083175,0.335910,-0.271671,-1.048119,-0.499419
-1,-1.141056,-9.557080,-0.136629,-0.838939,0.000000,-1.048119,-0.499419
