22014,14.312847,0.534055,0.231414,0.161555,0.375430,0.186874,0.354770
22014,14.159848,0.533780,0.231476,0.205671,0.340648,0.202680,0.351559
22014,14.017850,0.533505,0.231537,0.218362,0.348302,0.217329,0.348583
22014,13.866852,0.533190,0.231608,0.205671,0.340648,0.232883,0.345423
22014,13.723853,0.532869,0.231680,0.343917,0.294230,0.247591,0.342436
22014,13.572854,0.532503,0.231762,0.271455,0.340687,0.263095,0.339288
22014,13.427855,0.532124,0.231847,0.194441,0.351704,0.277955,0.336271
22014,13.279858,0.531708,0.231940,0.261663,0.342187,0.293094,0.333198
22014,13.204857,0.531482,0.231991,0.332881,0.331559,0.300750,0.331645
22014,13.052857,0.531003,0.232098,0.332881,0.331559,0.316247,0.328500
22014,12.900859,0.530487,0.232214,0.335150,0.322218,0.331705,0.325365
22014,12.754859,0.529952,0.232334,0.404698,0.302975,0.346514,0.322361
22014,12.611858,0.529386,0.232460,0.286085,0.347768,0.360978,0.319429
22014,12.467859,0.528774,0.232597,0.205377,0.283905,0.375500,0.316486
-1,0.105099,0.347181,-0.021392,-0.123356,0.000000,0.375499,0.316486
