0,162.837006,-2.134020,1.382760,2.587971,0.288518,1.927064,0.076585
1,162.785995,-2.178460,1.368269,2.437208,0.279855,1.896358,0.071865
2,162.681000,-2.262357,1.333226,1.795392,0.037462,1.840726,0.056935
3,162.569000,-2.337312,1.292796,1.795392,0.037462,1.795923,0.037960
4,162.518005,-2.366675,1.273767,1.704328,0.028584,1.780288,0.028701
5,162.018127,-2.482197,1.071603,1.802986,-0.076829,1.799337,-0.077704
6,161.995132,-2.483510,1.063918,1.804438,-0.080749,1.804214,-0.080984
7,161.954132,-2.485267,1.051382,1.799125,-0.086659,1.813495,-0.085665
8,161.929138,-2.485953,1.044492,1.816195,-0.099595,1.819538,-0.087768
9,161.889130,-2.486419,1.034609,1.752913,-0.088726,1.829842,-0.089986
-1,0.269209,-4.061085,0.191566,1.306176,0.000000,1.829842,-0.089986
