0,12.154861,-6.715667,0.225485,-4.689229,1.062911,-4.635924,1.079078
1,11.984861,-6.496899,0.311158,-4.349288,0.991732,-4.558770,1.108082
2,11.782862,-6.283768,0.410689,-4.815339,1.147085,-4.513911,1.140276
3,11.617863,-6.138042,0.490804,-4.419094,1.138001,-4.505634,1.165389
4,11.443865,-6.028192,0.577222,-5.898053,1.411945,-4.540729,1.193805
5,11.349866,-5.986120,0.626927,-5.898053,1.411945,-4.576961,1.212175
6,11.177868,-5.923834,0.722602,-5.964686,1.479650,-4.657954,1.250515
7,11.081870,-5.892342,0.780622,-6.011218,1.547838,-4.706430,1.276533
8,10.979873,-5.860858,0.843829,-5.658792,1.559270,-4.759914,1.305740
9,10.880874,-5.831614,0.905119,-5.052416,1.386443,-4.813139,1.334029
10,10.785874,-5.803167,0.960860,-4.330081,1.192389,-4.863829,1.358101
11,10.686876,-5.772603,1.008766,-4.295508,1.239528,-4.915733,1.373006
12,10.583877,-5.739888,1.040592,-4.711616,1.361334,-4.968819,1.370498
13,10.473880,-5.703870,1.049809,-5.032613,1.302319,-5.024432,1.343047
14,10.384881,-5.673848,1.038030,-5.032613,1.302319,-5.068549,1.301600
-1,-0.833028,-2.079743,-0.333350,-0.853593,0.000000,-5.068546,1.301600
