0,125.790703,-2.787330,0.204474,1.044747,-0.009581,0.964725,-0.009464
1,125.693726,-2.563759,0.192113,1.111526,0.001397,1.174990,-0.001797
2,125.663727,-2.485524,0.187865,1.403975,-0.005397,1.249108,0.000150
3,125.564751,-2.185791,0.171728,1.542787,0.003502,1.535261,0.004454
4,125.530754,-2.071195,0.165510,1.627453,0.005919,1.645192,0.005256
5,125.491760,-1.929566,0.157838,1.695928,0.009513,1.781471,0.005637
6,125.465767,-1.830182,0.152501,1.856911,0.006472,1.877288,0.005668
7,125.428772,-1.682171,0.144605,2.025010,0.015652,2.020223,0.005413
8,125.330788,-1.253485,0.121911,2.504447,-0.011144,2.435464,0.002954
9,125.288795,-1.054189,0.111403,2.632495,-0.000404,2.628998,0.001118
-1,-0.137214,-3.752056,0.206518,0.213938,0.000000,2.628998,0.001118
