0,58.295483,-7.007946,0.855874,-5.503103,0.694203,-5.138624,0.680301
1,58.121498,-6.838552,0.928606,-4.725190,0.704689,-5.062686,0.711625
2,58.024521,-6.735461,0.950196,-4.887822,0.732381,-5.011687,0.710135
3,57.850536,-6.541799,0.964042,-4.902809,0.722081,-4.911480,0.682573
4,57.767559,-6.441259,0.947446,-5.139176,0.608327,-4.855512,0.646228
5,57.585575,-6.210489,0.884073,-4.457267,0.407082,-4.722495,0.539544
6,57.492603,-6.082232,0.836217,-4.657989,0.425902,-4.644176,0.469560
7,57.324615,-5.841059,0.742764,-4.530414,0.260316,-4.493239,0.336128
8,57.229645,-5.699585,0.685279,-3.881949,0.200075,-4.402779,0.256039
9,57.055660,-5.446690,0.574963,-4.329273,0.161121,-4.243340,0.104315
10,56.962685,-5.336098,0.510999,-4.122878,-0.130215,-4.182690,0.018224
11,56.787701,-5.153637,0.386005,-4.197662,-0.098312,-4.094221,-0.148416
12,56.583759,-4.980083,0.256404,-3.981446,-0.328093,-4.030215,-0.326555
13,56.420769,-4.838731,0.197790,-3.981446,-0.328093,-3.976413,-0.423960
-1,-0.537150,-1.869322,-0.237997,0.175573,0.000000,-3.976412,-0.423960
