80518,73.025856,-6.317357,1.630329,0.766158,-0.607418,0.770144,-0.401489,80515
80518,72.849869,-6.329831,1.746517,0.163599,-0.291442,0.702664,-0.315164,80346
80518,72.760887,-6.335886,1.837403,0.286224,-0.084677,0.668797,-0.239377,80255
80518,72.583900,-6.347672,2.038684,0.730810,-0.129281,0.601691,-0.068129,80073
80518,72.215935,-6.379920,2.421307,0.758286,0.147688,0.454432,0.252053,79705
80518,72.122940,-6.391381,2.481314,0.753931,0.148012,0.413905,0.296280,79613
80518,71.949951,-6.415428,2.560575,0.464411,0.435674,0.335789,0.346186,79439
80518,71.851959,-6.431842,2.567502,0.284824,0.416933,0.288746,0.336485,79347
80518,71.680984,-6.463614,2.541226,0.108455,0.449539,0.203534,0.281196,79170
80518,71.578995,-6.486529,2.485988,-0.104176,0.210244,0.148741,0.208651,79075
80518,71.317009,-6.551533,2.296982,-0.038565,-0.046445,0.001850,-0.024811,78806
80518,71.225029,-6.576867,2.229721,0.112477,-0.116525,-0.052233,-0.107681,78714
-1,-0.312560,-7.087502,-0.169691,2.031818,0.000000,0.000000,0.000000,0.000000
