0,54.558037,-2.709950,1.072073,-3.689447,0.447091,-3.675047,0.372142
1,54.455063,-2.615844,1.027856,-3.491720,0.307179,-3.641257,0.344125
2,54.284081,-2.476063,0.934560,-3.602702,0.283843,-3.601628,0.277730
3,54.189098,-2.424773,0.876508,-4.234944,0.224594,-3.605973,0.234622
4,54.018112,-2.361442,0.767302,-4.234944,0.224594,-3.642795,0.152317
5,53.755150,-2.359269,0.578981,-4.027016,0.151930,-3.794651,0.005368
6,53.649181,-2.376676,0.497483,-3.728023,-0.077415,-3.874127,-0.059457
7,53.555210,-2.394245,0.425964,-3.848154,-0.192962,-3.946740,-0.116191
8,53.446236,-2.415511,0.349344,-4.038774,-0.276222,-4.031837,-0.175667
9,53.353260,-2.434379,0.292837,-3.990514,-0.246477,-4.105164,-0.217546
10,53.173267,-2.472555,0.205074,-4.200448,-0.272639,-4.248768,-0.276990
11,53.156273,-2.476408,0.199787,-4.403137,-0.284026,-4.262576,-0.279604
12,53.056297,-2.499707,0.176410,-4.446951,-0.280527,-4.344435,-0.287251
13,52.956326,-2.524227,0.166525,-4.419789,-0.251325,-4.427513,-0.281407
14,52.857353,-2.549669,0.169332,-4.485590,-0.196602,-4.510927,-0.263029
15,52.754375,-2.576932,0.183547,-1.262612,-0.339875,-4.598508,-0.232613
-1,-0.585741,0.965098,0.157331,0.699932,0.000000,-4.598507,-0.232613
