77643,70.151154,-6.916018,2.206982,-0.573084,0.345214,-0.734164,-0.194603,77640
77643,69.785187,-7.078086,2.209981,-1.181408,0.072855,-0.842521,-0.143102,77274
77643,69.689209,-7.127447,2.167668,-0.881310,-0.182065,-0.877796,-0.172695,77184
77643,69.514221,-7.220190,2.067227,-0.493187,-0.258714,-0.944857,-0.249945,77009
77643,69.427238,-7.260108,2.010666,-0.924794,-0.299472,-0.972010,-0.294978,76916
77643,69.251244,-7.328459,1.890830,-1.346778,-0.373961,-1.014530,-0.391490,76740
77643,69.161255,-7.345988,1.827272,-1.679725,-0.444165,-1.018853,-0.443122,76656
77643,68.979271,-7.357669,1.697433,-2.117815,-0.581668,-1.003825,-0.548843,76473
77643,68.894295,-7.342247,1.635187,-1.632834,-0.620542,-0.975931,-0.599826,76389
77643,68.717300,-7.288864,1.504251,-0.870307,-0.553936,-0.896571,-0.707305,76206
77643,68.525337,-7.204342,1.367608,-0.731718,-0.822774,-0.783877,-0.818507,76021
77643,68.351364,-7.115995,1.266690,-0.550988,-0.824185,-0.669997,-0.896369,75846
-1,0.146764,-6.181854,0.132530,2.401585,0.000000,0.000000,0.000000,0.000000
