27009,19.525320,-0.223798,-0.205071,-0.286442,-0.177694,-0.192932,-0.179659,27006
27009,19.425303,-0.223678,-0.204820,-0.250973,-0.154000,-0.200920,-0.180597,26906
27009,19.326284,-0.223554,-0.204559,-0.141130,-0.181208,-0.208821,-0.181514,26807
27009,19.223270,-0.223417,-0.204273,-0.177088,-0.193905,-0.217035,-0.182453,26704
27009,19.124256,-0.223279,-0.203984,-0.177088,-0.193905,-0.224923,-0.183341,26605
27009,18.822210,-0.222814,-0.203010,-0.250973,-0.176000,-0.248940,-0.185958,26303
27009,18.723194,-0.222645,-0.202657,-0.208687,-0.173915,-0.256797,-0.186782,26210
27009,18.623178,-0.222466,-0.202282,-0.286444,-0.199906,-0.264725,-0.187597,26104
27009,18.527163,-0.222286,-0.201904,-0.281059,-0.188510,-0.272327,-0.188360,26014
27009,18.324123,-0.221874,-0.201042,-0.326377,-0.190816,-0.288373,-0.189913,25805
27009,17.825037,-0.220666,-0.198512,-0.326377,-0.190816,-0.327619,-0.193318,25306
-1,-0.081057,-0.030866,-0.011890,-0.025412,0.000000,0.000000,0.000000,0.000000
