67993,60.289932,0.537437,0.230657,0.345248,0.338652,0.290457,0.341241
67993,60.138947,0.537437,0.230657,0.272234,0.349828,0.293165,0.340401
67993,59.990959,0.537437,0.230657,0.296907,0.318774,0.295819,0.339578
67993,59.915977,0.537437,0.230657,0.284182,0.338846,0.297164,0.339161
67993,59.762993,0.537437,0.230657,0.284182,0.338846,0.299908,0.338311
67993,59.617008,0.537437,0.230657,0.359302,0.327455,0.302527,0.337499
67993,59.471024,0.537437,0.230657,0.344088,0.312038,0.305145,0.336687
67993,59.329037,0.537437,0.230657,0.284133,0.357170,0.307692,0.335898
67993,59.176048,0.537437,0.230657,0.366828,0.335170,0.310436,0.335047
67993,59.041065,0.537437,0.230657,0.308639,0.344276,0.312858,0.334296
67993,58.786076,0.537437,0.230657,0.321928,0.333198,0.317431,0.332879
67993,58.694080,0.537437,0.230657,0.284182,0.338846,0.319081,0.332367
67993,58.556095,0.537437,0.230657,0.320812,0.324400,0.321556,0.331600
-1,0.017937,0.246980,-0.005560,-0.110584,0.000000,0.321556,0.331600
