74090,66.597542,-5.879394,1.914735,-1.048674,0.276717,-0.984220,0.324697,74086
74090,66.418549,-5.795765,1.885404,-0.725460,0.261491,-0.908955,0.307448,73913
74090,66.327568,-5.751641,1.868953,-0.658552,0.292161,-0.869082,0.297138,73816
74090,66.151581,-5.665482,1.835042,-0.673063,0.333320,-0.791146,0.275106,73640
74090,66.063591,-5.623489,1.813005,-0.757045,0.277987,-0.753265,0.259008,73552
74090,65.882599,-5.538806,1.760930,-0.743985,0.199891,-0.677039,0.219149,73371
74090,65.784607,-5.493707,1.728774,-0.627378,0.215884,-0.636519,0.193608,73273
74090,65.688614,-5.448785,1.695713,-0.988670,0.172738,-0.596082,0.167026,73183
74090,65.514626,-5.364127,1.633408,-0.928822,0.164832,-0.519554,0.116465,73009
74090,65.417648,-5.312638,1.598501,-0.986794,0.136186,-0.472596,0.088103,72912
74090,65.223679,-5.201501,1.532685,0.064545,-0.062987,-0.370523,0.035379,72719
74090,65.045692,-5.091563,1.476922,-0.176761,-0.035903,-0.268901,-0.008370,72541
74090,64.965706,-5.037646,1.454642,-0.223004,-0.025081,-0.218722,-0.025251,72454
-1,-0.046726,-4.895174,0.067497,1.590037,0.000000,0.000000,0.000000,0.000000
