125476,117.977821,-2.880768,0.853358,-1.511593,0.516380,-1.252572,0.059660,125472
125476,117.781860,-2.546688,0.638478,-1.064651,-0.060514,-0.993628,-0.041383,125282
125476,117.602875,-2.220622,0.390607,-0.862500,-0.185308,-0.736189,-0.185278,125104
125476,117.413887,-1.841235,0.106708,-0.038063,-0.317322,-0.429264,-0.359389,125002
125476,117.409889,-1.832731,0.100667,-0.154400,-0.429128,-0.422293,-0.363108,124904
125476,117.310905,-1.618491,-0.046817,-0.154400,-0.429128,-0.246006,-0.453091,124805
125476,117.210915,-1.397646,-0.184753,0.255524,-0.579809,-0.063500,-0.532940,124711
125476,117.003944,-0.945518,-0.405434,0.743497,-0.825848,0.309271,-0.633388,124507
125476,116.908958,-0.743174,-0.472492,0.780528,-0.822605,0.475195,-0.645267,124409
125476,116.797966,-0.510832,-0.529389,0.669115,-0.537884,0.664980,-0.637686,124373
125476,116.695969,-0.303739,-0.555655,0.758272,-0.468136,0.832965,-0.604700,124282
125476,116.602982,-0.126007,-0.545379,0.556739,-0.537904,0.975043,-0.540405,124105
125476,116.511993,0.038385,-0.515878,0.799608,-0.718992,1.104548,-0.458048,124012
-1,-0.383423,-1.628196,0.580920,0.793698,0.000000,0.000000,0.000000,0.000000
