87991,80.491020,-9.752616,2.112201,0.035162,-0.061525,-0.117188,0.028556,87988
87991,80.318024,-9.690811,2.262366,-0.290503,0.226687,-0.094903,0.149900,87809
87991,80.220047,-9.670037,2.356210,-0.262895,0.224194,-0.096512,0.227421,87716
87991,80.045059,-9.644937,2.532568,-0.344495,0.449285,-0.111387,0.374627,87542
87991,79.954079,-9.643072,2.632737,-0.119831,0.392400,-0.130307,0.459638,87451
87991,79.782089,-9.649657,2.830724,-0.066674,0.511475,-0.176182,0.628971,87278
87991,79.590134,-9.660613,3.061604,-0.066177,0.994813,-0.230990,0.827872,87086
87991,79.412148,-9.672799,3.259403,0.056842,0.999235,-0.283836,0.996019,86909
87991,79.322166,-9.681267,3.328589,-0.242804,1.093448,-0.312860,1.050214,86815
87991,79.147171,-9.700543,3.426181,-0.375528,1.118257,-0.372114,1.118652,86643
87991,78.978195,-9.725460,3.439894,-0.708016,0.683124,-0.435632,1.104214,86468
87991,78.716217,-9.774106,3.326141,-0.708016,0.683124,-0.544127,0.946816,86212
-1,-0.228447,-9.635428,-0.166598,2.083645,0.000000,0.000000,0.000000,0.000000
