0,176.390610,-4.197412,1.167117,1.268777,0.419638,1.292398,0.420131
1,176.294601,-4.120622,1.129535,1.367366,0.370330,1.320887,0.394334
2,176.209610,-4.030779,1.094938,1.367366,0.370330,1.367971,0.370171
3,176.159607,-3.969587,1.074112,1.400157,0.367317,1.404006,0.355483
4,176.040619,-3.788745,1.022442,1.573325,0.313414,1.524985,0.318419
5,175.980621,-3.683885,0.995493,1.678522,0.302333,1.599660,0.298835
6,175.901627,-3.524555,0.958783,1.715124,0.293261,1.719247,0.271822
7,175.861618,-3.436938,0.939764,1.775625,0.282144,1.786737,0.257715
8,175.622650,-2.785629,0.818183,2.296947,0.167264,2.317821,0.165468
9,175.427689,-2.098629,0.707927,2.934934,0.077683,2.906735,0.079145
-1,-0.503100,-5.489810,0.122756,0.746986,0.000000,2.906734,0.079145
