65817,58.114147,0.537437,0.230657,0.296864,0.336996,0.324700,0.337260
65817,57.970161,0.537437,0.230657,0.272391,0.368216,0.322202,0.337216
65817,57.831177,0.537437,0.230657,0.320812,0.324400,0.319790,0.337174
65817,57.685192,0.537437,0.230657,0.332881,0.331559,0.317256,0.337130
65817,57.546207,0.537437,0.230657,0.333039,0.340544,0.314845,0.337088
65817,57.400219,0.537437,0.230657,0.378815,0.306910,0.312311,0.337044
65817,57.258236,0.537437,0.230657,0.246957,0.344283,0.309847,0.337001
65817,57.124245,0.537437,0.230657,0.284182,0.338846,0.307522,0.336960
65817,56.977261,0.537437,0.230657,0.332881,0.331559,0.304971,0.336916
65817,56.826279,0.537437,0.230657,0.321682,0.333234,0.302351,0.336870
65817,56.687290,0.537437,0.230657,0.296864,0.336996,0.299939,0.336828
65817,56.615311,0.537437,0.230657,0.296864,0.336996,0.298690,0.336806
65817,56.470325,0.537437,0.230657,0.296864,0.336996,0.296174,0.336763
65817,56.326340,0.537437,0.230657,0.296864,0.336996,0.293675,0.336719
-1,-0.017354,0.212736,-0.000302,-0.106603,0.000000,0.293675,0.336719
