48116,40.408981,0.537437,0.230657,0.309902,0.335077,0.302286,0.350208
48116,40.266991,0.537437,0.230657,0.284133,0.357170,0.306200,0.349119
48116,40.106010,0.537437,0.230657,0.310008,0.371285,0.310638,0.347884
48116,39.964027,0.537437,0.230657,0.333039,0.340544,0.314553,0.346796
48116,39.724041,0.537437,0.230657,0.272436,0.349799,0.321169,0.344955
48116,39.587051,0.537437,0.230657,0.308865,0.344243,0.324945,0.343905
48116,39.434067,0.537437,0.230657,0.366828,0.335170,0.329163,0.342732
48116,39.296078,0.537437,0.230657,0.333112,0.331525,0.332967,0.341674
48116,39.147095,0.537437,0.230657,0.333039,0.340544,0.337074,0.340531
48116,38.998112,0.537437,0.230657,0.286085,0.347768,0.341182,0.339389
48116,38.845127,0.537437,0.230657,0.367217,0.343977,0.345399,0.338216
48116,38.696140,0.537437,0.230657,0.367257,0.326331,0.349507,0.337073
-1,0.027569,0.235151,-0.007668,-0.119551,0.000000,0.349507,0.337073
