69769,62.065727,0.537437,0.230657,0.355587,0.328121,0.311612,0.334969
69769,61.915745,0.537437,0.230657,0.283960,0.338878,0.314617,0.334522
69769,61.769760,0.537437,0.230657,0.296864,0.336996,0.317542,0.334086
69769,61.626774,0.537437,0.230657,0.344043,0.329876,0.320406,0.333660
69769,61.550793,0.537437,0.230657,0.322872,0.333151,0.321929,0.333433
69769,61.405807,0.537437,0.230657,0.322872,0.333151,0.324833,0.333001
69769,61.254822,0.537437,0.230657,0.369175,0.325940,0.327858,0.332550
69769,61.107838,0.537437,0.230657,0.377266,0.333513,0.330803,0.332112
69769,60.960854,0.537437,0.230657,0.258723,0.351820,0.333748,0.331673
69769,60.814869,0.537437,0.230657,0.320812,0.324400,0.336672,0.331238
69769,60.664883,0.537437,0.230657,0.377310,0.315953,0.339677,0.330791
69769,60.583900,0.537437,0.230657,0.344043,0.329876,0.341300,0.330549
69769,60.439915,0.537437,0.230657,0.344043,0.329876,0.344184,0.330119
69769,60.289932,0.537437,0.230657,0.345248,0.338652,0.347189,0.329672
-1,0.020035,0.225825,-0.002983,-0.104313,0.000000,0.347189,0.329672
