45377,37.676258,0.537437,0.230657,0.276448,0.340060,0.309920,0.337672
45377,37.529274,0.537437,0.230657,0.388794,0.322892,0.311940,0.337122
45377,37.386292,0.537437,0.230657,0.366828,0.335170,0.313904,0.336588
45377,37.126308,0.537437,0.230657,0.291137,0.337926,0.317476,0.335616
45377,37.008312,0.537437,0.230657,0.310052,0.353167,0.319097,0.335174
45377,36.846329,0.537437,0.230657,0.297071,0.336966,0.321322,0.334569
45377,36.702343,0.537437,0.230657,0.367295,0.308686,0.323300,0.334030
45377,36.543362,0.537437,0.230657,0.344258,0.329844,0.325484,0.333436
45377,36.373383,0.537437,0.230657,0.367257,0.326331,0.327820,0.332800
45377,36.062397,0.537437,0.230657,0.313920,0.325487,0.332092,0.331638
45377,35.957401,0.537437,0.230657,0.286271,0.347741,0.333535,0.331245
45377,35.807419,0.537437,0.230657,0.336112,0.331167,0.335595,0.330684
-1,0.013738,0.227516,-0.003739,-0.107015,0.000000,0.335595,0.330684
