0,36.291786,-9.129275,-0.489378,-1.390255,0.233654,-0.057393,-0.023506
1,36.104839,-8.954140,-0.652827,-0.972149,-0.052610,-0.083979,-0.082674
2,35.928852,-8.777614,-0.817813,-0.401427,-0.216621,-0.097349,-0.149492
3,35.839870,-8.680518,-0.905639,-0.111506,-0.273919,-0.096268,-0.187684
4,35.658890,-8.474051,-1.083175,0.335910,-0.271671,-0.085084,-0.264267
5,35.576912,-8.374104,-1.143573,0.293748,-0.324702,-0.073594,-0.278937
6,35.294930,-8.024905,-1.296587,0.497712,-0.262119,-0.028664,-0.274658
7,35.120945,-7.838973,-1.230883,0.209250,-0.097759,-0.030467,-0.111904
8,35.028973,-7.751059,-1.139494,-0.436123,0.141053,-0.041794,0.030788
9,34.862988,-7.600666,-0.922532,-0.157642,0.373083,-0.070504,0.340337
10,34.764015,-7.511328,-0.770359,-0.111788,0.497400,-0.087961,0.547719
11,34.593029,-7.355320,-0.506579,-0.130990,0.915835,-0.116453,0.906876
12,34.496056,-7.270072,-0.382491,0.106467,0.834129,-0.135843,1.085057
-1,-1.079033,-9.071882,0.557810,-0.465872,0.000000,-0.135843,1.085057
