91807,84.306564,-10.487283,2.522120,0.158779,-0.009865,0.029150,0.084754,91804
91807,84.222580,-10.533103,2.553482,0.158779,-0.009865,-0.006162,0.107303,91713
91807,84.049591,-10.659910,2.622903,-0.427113,0.197466,-0.111325,0.158574,91540
91807,83.955605,-10.744105,2.664416,-0.464972,0.150184,-0.183760,0.190225,91446
91807,83.781616,-10.906375,2.745005,-0.267120,0.305356,-0.324261,0.252558,91277
91807,83.509644,-11.094800,2.882009,-0.592931,0.357028,-0.478656,0.361025,91006
91807,83.415680,-11.123938,2.932373,-0.926587,0.428419,-0.496037,0.401529,90912
91807,83.245697,-11.147497,3.026143,-0.553288,0.501420,-0.498329,0.477464,90743
91807,83.154716,-11.138514,3.078440,-0.321033,0.518082,-0.477962,0.520215,90651
91807,82.973732,-11.101969,3.181595,-0.412213,0.611657,-0.418772,0.604379,90471
91807,82.657761,-11.003684,3.303055,-0.204778,0.627841,-0.280953,0.692686,90252
91807,82.620773,-10.991303,3.301731,-0.362565,0.697893,-0.263944,0.687480,90118
91807,82.445786,-10.931598,3.270872,-0.174172,0.584810,-0.182344,0.638261,89942
-1,0.125120,-10.516433,-0.104926,2.437366,0.000000,0.000000,0.000000,0.000000
