39843,32.142754,0.537437,0.230657,0.286311,0.329433,0.285894,0.335830
39843,31.999769,0.537437,0.230657,0.286311,0.329433,0.292177,0.335630
39843,31.852762,0.537437,0.230657,0.333039,0.340544,0.298636,0.335424
39843,31.698753,0.537437,0.230657,0.286085,0.347768,0.305404,0.335208
39843,31.536745,0.537437,0.230657,0.366828,0.335170,0.312523,0.334982
39843,31.390736,0.537437,0.230657,0.367295,0.308686,0.318938,0.334777
39843,31.241728,0.537437,0.230657,0.344258,0.329844,0.325486,0.334569
39843,31.163717,0.537437,0.230657,0.314041,0.343552,0.328914,0.334459
39843,31.030708,0.537437,0.230657,0.314041,0.343552,0.334758,0.334273
39843,30.898699,0.537437,0.230657,0.333235,0.340515,0.340559,0.334089
39843,30.722689,0.537437,0.230657,0.310094,0.335050,0.348293,0.333842
39843,30.570681,0.537437,0.230657,0.355787,0.328091,0.354972,0.333630
39843,30.421673,0.537437,0.230657,0.370373,0.299473,0.361520,0.333421
-1,0.043941,0.251543,-0.001399,-0.105173,0.000000,0.361520,0.333421
