27567,19.866072,0.537238,0.230701,0.333081,0.322615,0.287981,0.337736
27567,19.720062,0.537223,0.230704,0.232787,0.346284,0.291893,0.337066
27567,19.499056,0.537197,0.230710,0.297071,0.336966,0.297812,0.336052
27567,19.455051,0.537192,0.230711,0.309902,0.335077,0.298990,0.335850
27567,19.304043,0.537172,0.230716,0.309902,0.335077,0.303032,0.335157
27567,19.154034,0.537151,0.230721,0.272479,0.331382,0.307045,0.334469
27567,18.992022,0.537126,0.230726,0.297026,0.355188,0.311378,0.333727
27567,18.917011,0.537113,0.230729,0.284182,0.338846,0.313383,0.333384
27567,18.769003,0.537087,0.230735,0.284182,0.338846,0.317339,0.332707
27567,18.623995,0.537061,0.230741,0.409852,0.328156,0.321212,0.332043
27567,18.479986,0.537032,0.230747,0.321023,0.324370,0.325057,0.331385
27567,18.334978,0.537000,0.230754,0.300066,0.327476,0.328926,0.330723
27567,18.181969,0.536965,0.230762,0.333039,0.340544,0.333006,0.330024
27567,18.038960,0.536929,0.230770,0.344258,0.329844,0.336817,0.329372
-1,0.026898,0.249257,-0.004616,-0.107035,0.000000,0.336817,0.329372
