68518,60.814869,0.537437,0.230657,0.320812,0.324400,0.345623,0.327766
68518,60.664883,0.537437,0.230657,0.377310,0.315953,0.344470,0.328660
68518,60.583900,0.537437,0.230657,0.344043,0.329876,0.343847,0.329142
68518,60.439915,0.537437,0.230657,0.344043,0.329876,0.342740,0.330000
68518,60.289932,0.537437,0.230657,0.345248,0.338652,0.341586,0.330894
68518,60.138947,0.537437,0.230657,0.272234,0.349828,0.340425,0.331794
68518,59.990959,0.537437,0.230657,0.296907,0.318774,0.339287,0.332675
68518,59.915977,0.537437,0.230657,0.284182,0.338846,0.338711,0.333122
68518,59.762993,0.537437,0.230657,0.284182,0.338846,0.337534,0.334034
68518,59.617008,0.537437,0.230657,0.359302,0.327455,0.336411,0.334904
68518,59.471024,0.537437,0.230657,0.344088,0.312038,0.335289,0.335774
68518,59.329037,0.537437,0.230657,0.284133,0.357170,0.334197,0.336620
68518,59.176048,0.537437,0.230657,0.366828,0.335170,0.333020,0.337531
-1,-0.007690,0.191813,0.005959,-0.097109,0.000000,0.333020,0.337531
