74353,66.860519,-6.007695,1.949181,-0.701994,0.277802,-1.109910,0.286253,74350
74353,66.680527,-5.917990,1.927744,-1.275522,0.286519,-1.025668,0.286970,74176
74353,66.597542,-5.879394,1.914735,-1.048674,0.276717,-0.989590,0.284175,74086
74353,66.418549,-5.795765,1.885404,-0.725460,0.261491,-0.911395,0.276875,73913
74353,66.327568,-5.751641,1.868953,-0.658552,0.292161,-0.870033,0.271623,73816
74353,66.151581,-5.665482,1.835042,-0.673063,0.333320,-0.789215,0.259373,73640
74353,66.063591,-5.623489,1.813005,-0.757045,0.277987,-0.749893,0.248166,73552
74353,65.882599,-5.538806,1.760930,-0.743985,0.199891,-0.670704,0.218367,73371
74353,65.784607,-5.493707,1.728774,-0.627378,0.215884,-0.628579,0.198273,73273
74353,65.688614,-5.448785,1.695713,-0.988670,0.172738,-0.586571,0.177027,73183
74353,65.514626,-5.364127,1.633408,-0.928822,0.164832,-0.507194,0.136137,73009
74353,65.417648,-5.312638,1.598501,-0.986794,0.136186,-0.458649,0.113166,72912
74353,65.223679,-5.201501,1.532685,0.064545,-0.062987,-0.353400,0.071224,72719
74353,65.045692,-5.091563,1.476922,-0.176761,-0.035903,-0.248864,0.037369,72541
-1,-0.030354,-4.897786,0.123083,1.662928,0.000000,0.000000,0.000000,0.000000
