0,151.697708,1.727110,0.895553,1.314135,0.033343,1.208762,0.058615
1,151.662704,1.708900,0.893785,1.350596,0.035128,1.210364,0.057954
2,151.574722,1.672259,0.890044,1.222746,0.055036,1.223521,0.056997
3,151.527725,1.658250,0.888108,1.197265,0.060254,1.236112,0.056548
4,151.417725,1.653089,0.883479,1.309751,0.065597,1.293212,0.055399
5,151.338730,1.675749,0.880153,1.309751,0.065597,1.360583,0.054572
6,151.295731,1.696658,0.878304,1.390211,0.055669,1.405830,0.054083
7,151.213745,1.762138,0.874820,1.484101,0.052942,1.517713,0.053193
8,151.155746,1.821645,0.872379,1.679385,0.047728,1.610048,0.052588
9,151.070755,1.937527,0.868988,1.728936,0.055651,1.774034,0.051885
10,151.028763,2.003087,0.867223,2.014533,0.056251,1.863362,0.051449
11,150.920761,2.202887,0.862419,2.377799,0.047170,2.124290,0.050062
12,150.839752,2.372756,0.858776,2.377799,0.047170,2.340011,0.048981
13,150.791748,2.478701,0.856606,2.472793,0.045706,2.473126,0.048330
14,150.763748,2.542591,0.855356,2.521787,0.050873,2.552864,0.047966
-1,0.565999,0.518347,0.031637,0.836938,0.000000,2.552864,0.047966
