120783,113.285385,-14.961265,0.927409,-0.095443,-0.567549,-0.205942,-0.563948,120779
120783,113.105392,-15.116199,0.779718,-0.337262,-0.626123,-0.520527,-0.656467,120605
120783,113.025414,-15.177703,0.750175,-0.799561,-0.694828,-0.652971,-0.661494,120519
120783,112.803421,-15.325874,0.722189,-1.084084,-0.773717,-0.998047,-0.621434,120367
120783,112.743431,-15.341611,0.740440,-1.169027,-0.513469,-1.066993,-0.584796,120237
120783,112.646446,-15.349982,0.784157,-1.169027,-0.513469,-1.161389,-0.511351,120140
120783,112.446480,-15.296340,0.917602,-1.829596,-0.198574,-1.285113,-0.316611,119943
120783,112.342491,-15.233998,1.001169,-1.064344,-0.191126,-1.315008,-0.201169,119843
120783,112.240517,-15.156317,1.087541,-1.113501,-0.083129,-1.327776,-0.083540,119743
120783,112.146530,-15.076186,1.169390,-1.950611,0.320700,-1.331010,0.027118,119640
120783,111.779564,-14.729586,1.460696,-0.516995,0.447879,-1.309903,0.430907,119273
120783,111.572601,-14.507297,1.569891,-1.257455,0.539316,-1.271187,0.603541,119072
120783,111.480614,-14.402128,1.604478,-1.671658,0.661589,-1.247610,0.666324,118974
-1,-0.886984,-14.755322,0.306522,1.491357,0.000000,0.000000,0.000000,0.000000
