0,59.802284,-8.003977,0.573059,-5.637418,0.311980,-5.616671,0.298950
1,59.617302,-7.917024,0.558623,-5.379380,0.271403,-5.585528,0.290407
2,59.447327,-7.829952,0.546442,-5.578344,0.183440,-5.549740,0.283641
3,59.190361,-7.685751,0.551091,-5.718471,0.329063,-5.483068,0.296475
4,59.100380,-7.629747,0.570384,-5.224143,0.399278,-5.454212,0.318635
5,58.921394,-7.512957,0.622122,-5.026381,0.341181,-5.391423,0.376075
6,58.832413,-7.449924,0.651636,-4.793256,0.362818,-5.355236,0.408424
7,58.654430,-7.317549,0.713593,-5.844291,0.475819,-5.276560,0.476050
8,58.556450,-7.237847,0.750683,-5.657748,0.555292,-5.226419,0.516261
9,58.393463,-7.098804,0.815021,-5.104084,0.608225,-5.136550,0.585792
10,58.295483,-7.007946,0.855874,-5.503103,0.694203,-5.075254,0.629766
11,58.121498,-6.838552,0.928606,-4.725190,0.704689,-4.958353,0.708040
12,58.024521,-6.735461,0.950196,-4.887822,0.732381,-4.884521,0.732719
-1,-0.301708,-2.387306,0.031856,0.274109,0.000000,-4.884518,0.732719
