0,35.928852,-8.777614,-0.817813,-0.401427,-0.216621,-0.126957,-0.151340
1,35.839870,-8.680518,-0.905639,-0.111506,-0.273919,-0.113335,-0.193948
2,35.658890,-8.474051,-1.083175,0.335910,-0.271671,-0.076644,-0.279515
3,35.576912,-8.374104,-1.143573,0.293748,-0.324702,-0.053601,-0.298254
4,35.294930,-8.024905,-1.296587,0.497712,-0.262119,0.031071,-0.307972
5,35.120945,-7.838973,-1.230883,0.209250,-0.097759,0.053789,-0.153854
6,35.028973,-7.751059,-1.139494,-0.436123,0.141053,0.055424,-0.015727
7,34.862988,-7.600666,-0.922532,-0.157642,0.373083,0.050107,0.285583
8,34.764015,-7.511328,-0.770359,-0.111788,0.497400,0.046600,0.488052
9,34.593029,-7.355320,-0.506579,-0.130990,0.915835,0.042206,0.838722
10,34.496056,-7.270072,-0.382491,0.106467,0.834129,0.036483,1.012090
11,34.323071,-7.122700,-0.191617,0.102314,0.895829,0.021579,1.290870
12,34.160095,-6.992872,-0.073022,-0.012556,0.950482,-0.001480,1.492285
-1,-0.938096,-8.650657,0.508173,-0.666472,0.000000,-0.001480,1.492285
