146944,139.443909,-6.460193,2.531727,-0.579974,0.135646,-0.567116,-0.074816,146941
146944,139.272903,-6.502612,2.315399,-0.571280,-0.176056,-0.636244,-0.186156,146774
146944,139.180908,-6.527281,2.190503,-0.753577,-0.219829,-0.675281,-0.254571,146683
146944,139.012909,-6.574201,1.954852,-1.020077,-0.427710,-0.748440,-0.387078,146509
146944,138.743912,-6.655482,1.561547,-1.037731,-0.667395,-0.871735,-0.615231,146246
146944,138.643906,-6.685599,1.432806,-0.233903,-0.838704,-0.917472,-0.682573,146140
146944,138.541931,-6.714971,1.323031,-0.767137,-0.718252,-0.962770,-0.729740,146038
146944,138.243958,-6.773923,1.213637,-0.767137,-0.718252,-1.068261,-0.656192,145740
146944,138.143967,-6.779990,1.258735,-0.287004,-0.602383,-1.089945,-0.549705,145640
146944,138.043976,-6.778930,1.346560,-1.785227,-0.592164,-1.104502,-0.400490,145540
146944,137.942963,-6.770892,1.476342,-0.827129,-0.188993,-1.112241,-0.208690,145439
146944,137.740982,-6.737947,1.809987,-1.200212,0.548662,-1.110842,0.248962,145237
146944,137.641983,-6.717145,1.980396,-1.200212,0.548662,-1.105503,0.480152,145138
-1,-0.156185,-5.893076,0.613954,2.606544,0.000000,0.000000,0.000000,0.000000
