14335,6.634958,0.000000,0.000000,0.391022,0.209184,0.400817,0.241520
14335,6.492960,0.000000,0.000000,0.398015,0.304066,0.390582,0.246285
14335,6.341963,0.000000,0.000000,0.378539,0.219314,0.379698,0.251352
14335,6.193965,0.000000,0.000000,0.410167,0.207284,0.369029,0.256319
14335,6.029967,0.000000,0.000000,0.296397,0.273255,0.357208,0.261822
14335,5.888969,0.000000,0.000000,0.313555,0.271282,0.347045,0.266553
14335,5.676975,0.000000,0.000000,0.305577,0.281351,0.331763,0.273667
14335,5.599977,0.000000,0.000000,0.343537,0.276445,0.326213,0.276251
14335,5.449979,0.000000,0.000000,0.343537,0.276445,0.315401,0.281285
14335,5.311985,0.000000,0.000000,0.149046,0.309537,0.305454,0.285915
14335,5.173986,0.000000,0.000000,0.299466,0.291165,0.295507,0.290546
14335,5.032989,0.000000,0.000000,0.285713,0.256290,0.285343,0.295278
14335,4.882991,0.000000,0.000000,0.251860,0.297194,0.274531,0.300311
-1,-0.072083,-0.400817,0.033557,-0.241520,0.000000,0.274531,0.300311
