49838,42.130791,0.537437,0.230657,0.090477,0.375590,0.335372,0.344999
49838,41.991806,0.537437,0.230657,0.355743,0.345832,0.334011,0.343583
49838,41.849823,0.537437,0.230657,0.333235,0.340515,0.332620,0.342137
49838,41.702839,0.537437,0.230657,0.333081,0.322615,0.331179,0.340639
49838,41.564854,0.537437,0.230657,0.284406,0.338814,0.329828,0.339234
49838,41.431866,0.537437,0.230657,0.345890,0.338455,0.328525,0.337879
49838,41.289883,0.537437,0.230657,0.297071,0.336966,0.327134,0.336433
49838,41.157898,0.537437,0.230657,0.388794,0.322892,0.325840,0.335088
49838,40.993919,0.537437,0.230657,0.332881,0.331559,0.324234,0.333418
49838,40.847939,0.537437,0.230657,0.323223,0.333099,0.322804,0.331931
49838,40.699955,0.537437,0.230657,0.272436,0.349799,0.321354,0.330423
49838,40.551968,0.537437,0.230657,0.366874,0.317523,0.319904,0.328916
49838,40.408981,0.537437,0.230657,0.309902,0.335077,0.318503,0.327459
-1,-0.009797,0.202064,-0.010187,-0.114342,0.000000,0.318503,0.327459
