0,132.239960,3.906924,-2.272568,2.317691,-0.644039,2.324752,-0.582358
1,132.005966,4.115426,-2.172261,2.581311,-0.568914,2.507966,-0.570259
2,131.835968,4.220075,-2.088481,2.631135,-0.555273,2.594244,-0.550564
3,131.589966,4.238379,-1.940674,2.533366,-0.469696,2.585963,-0.495492
4,131.502975,4.195094,-1.881412,2.496836,-0.452828,2.533277,-0.469023
5,131.458984,4.161404,-1.850081,2.486198,-0.429820,2.494833,-0.454276
6,131.431976,4.134069,-1.830117,2.436621,-0.430571,2.464580,-0.444493
7,131.392975,4.087557,-1.800508,2.436621,-0.430571,2.413853,-0.429586
8,131.363983,4.047112,-1.777859,2.363254,-0.428368,2.370274,-0.417866
9,131.328979,3.992277,-1.749880,2.338146,-0.417158,2.311657,-0.403083
10,131.298981,3.939411,-1.725268,2.310858,-0.407411,2.255549,-0.389779
-1,-0.108068,1.582172,-0.376971,-1.690210,0.000000,2.255548,-0.389779
