102278,94.782532,-0.915063,-0.184645,0.051927,-0.241668,0.342257,-0.239889,102274
102278,94.474541,-0.822916,-0.325854,0.171510,-0.282430,0.263397,-0.295873,102062
102278,94.429550,-0.812450,-0.348134,0.256218,-0.297653,0.248883,-0.305702,101921
102278,94.245567,-0.774573,-0.440765,0.247845,-0.358009,0.184605,-0.347423,101743
102278,94.158577,-0.764741,-0.483229,-0.149801,-0.504245,0.146137,-0.365815,101650
102278,93.982590,-0.753720,-0.564752,0.230820,-0.407259,0.059443,-0.398641,101476
102278,93.880608,-0.749866,-0.583295,0.355460,-0.293656,0.006674,-0.388963,101379
102278,93.712624,-0.741927,-0.573142,0.355460,-0.293656,-0.078658,-0.332327,101210
102278,93.614632,-0.734658,-0.515364,0.113030,-0.249419,-0.125798,-0.247433,101112
102278,93.511642,-0.725426,-0.426107,0.187297,-0.140316,-0.173750,-0.129677,101009
102278,93.412659,-0.715477,-0.320519,-0.211481,-0.010589,-0.218759,0.003301,100910
102278,93.307671,-0.704210,-0.198158,-0.751565,0.252143,-0.265785,0.154713,100806
102278,93.212685,-0.693552,-0.083887,-0.356206,0.483119,-0.307868,0.295269,100704
102278,93.114693,-0.682244,0.032721,-0.356206,0.483119,-0.350968,0.438993,100606
102278,93.013702,-0.670389,0.146969,-0.318065,0.579411,-0.395187,0.581186,100505
102278,92.914711,-0.658880,0.250380,-0.479900,0.575936,-0.438641,0.711989,100406
-1,-0.555236,-1.257320,0.276715,0.055244,0.000000,0.000000,0.000000,0.000000
