0,12.249862,-6.847466,0.178396,-4.689229,1.062911,-4.712609,1.068503
1,12.154861,-6.715667,0.225485,-4.689229,1.062911,-4.657664,1.083062
2,11.984861,-6.496899,0.311158,-4.349288,0.991732,-4.576423,1.110524
3,11.782862,-6.283768,0.410689,-4.815339,1.147085,-4.526706,1.140887
4,11.617863,-6.138042,0.490804,-4.419094,1.138001,-4.514461,1.164504
5,11.443865,-6.028192,0.577222,-5.898053,1.411945,-4.545372,1.191342
6,11.349866,-5.986120,0.626927,-5.898053,1.411945,-4.579344,1.208861
7,11.177868,-5.923834,0.722602,-5.964686,1.479650,-4.656201,1.245641
8,11.081870,-5.892342,0.780622,-6.011218,1.547838,-4.702369,1.270789
9,10.979873,-5.860858,0.843829,-5.658792,1.559270,-4.753400,1.299071
10,10.880874,-5.831614,0.905119,-5.052416,1.386443,-4.804245,1.326462
11,10.785874,-5.803167,0.960860,-4.330081,1.192389,-4.852650,1.349673
12,10.686876,-5.772603,1.008766,-4.295508,1.239528,-4.902174,1.363681
13,10.583877,-5.739888,1.040592,-4.711616,1.361334,-4.952783,1.360239
14,10.473880,-5.703870,1.049809,-5.032613,1.302319,-5.005751,1.331791
15,10.384881,-5.673848,1.038030,-5.032613,1.302319,-5.047728,1.289537
-1,-0.808982,-2.134857,-0.342416,-0.890107,0.000000,-5.047726,1.289537
