49693,41.991806,0.537437,0.230657,0.355743,0.345832,0.337206,0.340692
49693,41.849823,0.537437,0.230657,0.333235,0.340515,0.334804,0.340047
49693,41.702839,0.537437,0.230657,0.333081,0.322615,0.332319,0.339380
49693,41.564854,0.537437,0.230657,0.284406,0.338814,0.329985,0.338754
49693,41.431866,0.537437,0.230657,0.345890,0.338455,0.327736,0.338151
49693,41.289883,0.537437,0.230657,0.297071,0.336966,0.325335,0.337506
49693,41.157898,0.537437,0.230657,0.388794,0.322892,0.323103,0.336907
49693,40.993919,0.537437,0.230657,0.332881,0.331559,0.320330,0.336163
49693,40.847939,0.537437,0.230657,0.323223,0.333099,0.317862,0.335500
49693,40.699955,0.537437,0.230657,0.272436,0.349799,0.315359,0.334829
49693,40.551968,0.537437,0.230657,0.366874,0.317523,0.312856,0.334157
49693,40.408981,0.537437,0.230657,0.309902,0.335077,0.310438,0.333508
49693,40.266991,0.537437,0.230657,0.284133,0.357170,0.308037,0.332864
-1,-0.016911,0.200231,-0.004539,-0.110035,0.000000,0.308037,0.332864
