0,32.555347,-5.947220,-1.066973,-0.331183,-0.179931,-0.402538,0.108045
1,32.360405,-5.781231,-1.017302,-0.635730,0.178425,-0.412039,0.154046
2,32.190422,-5.625595,-0.929569,-0.814891,0.238210,-0.409422,0.238580
3,32.026447,-5.460837,-0.834108,-0.438284,0.388748,-0.392277,0.330955
4,31.699440,-5.101369,-0.624756,-0.134847,0.419233,-0.327184,0.534152
5,31.669436,-5.070874,-0.605758,-0.030307,0.407513,-0.323699,0.552586
6,31.487427,-4.891506,-0.491559,-0.152340,0.490945,-0.308177,0.663359
7,31.294394,-4.725368,-0.377729,-0.326831,0.958934,-0.315810,0.773555
8,31.125385,-4.594823,-0.285210,-0.326831,0.958934,-0.337408,0.862894
9,31.024374,-4.528694,-0.236348,-0.902103,1.086653,-0.362210,0.909855
10,30.858366,-4.430707,-0.161795,-0.639203,0.977129,-0.413665,0.981283
11,30.768351,-4.381859,-0.126295,-0.237263,0.976174,-0.445849,1.015089
-1,-0.900210,-5.544682,-0.018821,-1.175017,0.000000,-0.445849,1.015089
