147912,140.323944,-6.330560,2.811721,-0.344431,0.648583,-0.357905,0.633475,147908
147912,140.253937,-6.335105,2.843843,-0.364921,0.667461,-0.374343,0.653763,147751
147912,140.070938,-6.350200,2.898729,-0.542065,0.677525,-0.420524,0.677712,147574
147912,139.982925,-6.361030,2.892943,-0.489361,0.657173,-0.446305,0.657048,147486
147912,139.809937,-6.385414,2.848977,-0.336999,0.537905,-0.500074,0.583839,147306
147912,139.719925,-6.401533,2.792677,-0.606652,0.482573,-0.531483,0.512322,147216
147912,139.540909,-6.437506,2.643374,-0.518167,0.212429,-0.597866,0.332757,147044
147912,139.443909,-6.460193,2.531727,-0.579974,0.135646,-0.637030,0.204712,146941
147912,139.272903,-6.502612,2.315399,-0.571280,-0.176056,-0.708498,-0.040525,146774
147912,139.180908,-6.527281,2.190503,-0.753577,-0.219829,-0.748794,-0.180972,146683
147912,139.012909,-6.574201,1.954852,-1.020077,-0.427710,-0.824252,-0.445024,146509
147912,138.743912,-6.655482,1.561547,-1.037731,-0.667395,-0.951228,-0.883802,146246
147912,138.643906,-6.685599,1.432806,-0.233903,-0.838704,-0.998333,-1.029449,146140
-1,-0.169870,-5.972654,-0.169049,2.178246,0.000000,0.000000,0.000000,0.000000
