47814,40.106010,0.537437,0.230657,0.310008,0.371285,0.301256,0.350545
47814,39.964027,0.537437,0.230657,0.333039,0.340544,0.306962,0.348824
47814,39.724041,0.537437,0.230657,0.272436,0.349799,0.316607,0.345915
47814,39.587051,0.537437,0.230657,0.308865,0.344243,0.322112,0.344254
47814,39.434067,0.537437,0.230657,0.366828,0.335170,0.328260,0.342400
47814,39.296078,0.537437,0.230657,0.333112,0.331525,0.333806,0.340728
47814,39.147095,0.537437,0.230657,0.333039,0.340544,0.339793,0.338922
47814,38.998112,0.537437,0.230657,0.286085,0.347768,0.345781,0.337116
47814,38.845127,0.537437,0.230657,0.367217,0.343977,0.351929,0.335262
47814,38.696140,0.537437,0.230657,0.367257,0.326331,0.357916,0.333456
47814,38.553158,0.537437,0.230657,0.247154,0.344255,0.363663,0.331723
47814,38.403175,0.537437,0.230657,0.377512,0.315923,0.369690,0.329905
-1,0.040189,0.236181,-0.012121,-0.119888,0.000000,0.369690,0.329905
