0,47.810192,1.055768,-1.095168,2.126673,-0.498363,2.126692,-0.492228
1,47.770199,1.119182,-1.114877,2.207970,-0.524217,2.175194,-0.506037
2,47.680214,1.256008,-1.150254,2.291669,-0.517873,2.278465,-0.528140
3,47.636219,1.320384,-1.163831,2.300356,-0.528120,2.326436,-0.535226
4,47.611221,1.355887,-1.170014,2.287806,-0.540484,2.352618,-0.537721
5,47.577225,1.403083,-1.176870,2.390040,-0.539728,2.387137,-0.539562
6,47.478241,1.533357,-1.186785,2.427549,-0.535526,2.480501,-0.534874
7,47.437244,1.584330,-1.186782,2.482606,-0.521511,2.516187,-0.528823
8,47.400249,1.628502,-1.184272,2.554952,-0.504397,2.546564,-0.520855
9,47.379253,1.652686,-1.181664,2.566130,-0.491214,2.562919,-0.515150
10,47.280270,1.758682,-1.159112,2.639679,-0.423969,2.632006,-0.477995
11,47.180286,1.852126,-1.119724,2.639679,-0.423969,2.688167,-0.423857
12,47.147289,1.879895,-1.103276,2.677730,-0.354712,2.703632,-0.402541
13,47.048313,1.952085,-1.043134,2.743249,-0.332494,2.738914,-0.327797
14,47.007317,1.977654,-1.014729,2.725839,-0.310437,2.749197,-0.293344
15,46.974319,1.995777,-0.990290,2.753998,-0.271321,2.755016,-0.264038
-1,-0.372887,-1.070925,0.147526,-0.602940,0.000000,2.755014,-0.264038
