37229,29.516621,0.537436,0.230657,0.309902,0.335077,0.359795,0.323903
37229,29.358612,0.537436,0.230657,0.388501,0.314256,0.358062,0.325079
37229,29.214603,0.537436,0.230657,0.355787,0.328091,0.356482,0.326151
37229,28.949593,0.537436,0.230657,0.355787,0.328091,0.353575,0.328123
37229,28.858593,0.537436,0.230657,0.247154,0.344255,0.352577,0.328801
37229,28.709583,0.537436,0.230657,0.344258,0.329844,0.350942,0.329910
37229,28.549572,0.537436,0.230657,0.345467,0.320796,0.349187,0.331101
37229,28.393559,0.537435,0.230657,0.367257,0.326331,0.347476,0.332262
37229,28.235548,0.537435,0.230657,0.297280,0.336936,0.345742,0.333438
37229,28.081535,0.537435,0.230657,0.366828,0.335170,0.344053,0.334585
37229,27.937529,0.537435,0.230657,0.366828,0.335170,0.342473,0.335657
37229,27.790520,0.537435,0.230657,0.320978,0.342398,0.340860,0.336751
-1,-0.010969,0.177641,0.007443,-0.093246,0.000000,0.340860,0.336751
