0,98.234489,1.133194,1.681815,2.766995,-0.670467,2.729143,-0.652505
1,98.137512,1.298002,1.577827,2.800090,-0.692358,2.854191,-0.705915
2,98.104515,1.350843,1.545453,2.953216,-0.718774,2.893503,-0.721080
3,98.025536,1.468069,1.476575,2.977804,-0.737740,2.978347,-0.748767
4,97.965538,1.550858,1.430105,3.048113,-0.767452,3.036538,-0.763946
5,97.835564,1.705233,1.352803,3.133979,-0.780321,3.137622,-0.773460
6,97.740578,1.796388,1.316418,3.146315,-0.775818,3.189833,-0.760306
7,97.695580,1.833706,1.304612,3.206733,-0.747434,3.208702,-0.748644
8,97.611588,1.891454,1.293426,3.231054,-0.621338,3.232013,-0.716024
9,97.386635,1.961741,1.340124,3.216080,-0.552015,3.210071,-0.552004
10,97.340637,1.962659,1.361446,3.216080,-0.552015,3.192129,-0.506692
-1,-0.410000,-1.595949,0.521543,2.334320,0.000000,3.192127,-0.506692
