0,70.263138,-13.355655,0.238970,-4.060160,0.248537,-4.015745,0.277500
1,70.096153,-13.337214,0.194630,-4.051511,0.260645,-4.047651,0.260368
2,69.926170,-13.317212,0.151057,-4.178614,0.271406,-4.078900,0.244493
3,69.845184,-13.306701,0.130817,-4.178614,0.271406,-4.092806,0.237450
4,69.661194,-13.281695,0.085824,-4.023089,0.240297,-4.123275,0.222436
5,69.562225,-13.266842,0.062725,-4.020639,0.249045,-4.138261,0.215464
6,69.393242,-13.240236,0.024274,-3.967430,0.184085,-4.162605,0.204547
7,69.308258,-13.225624,0.005806,-3.993532,0.185045,-4.173616,0.199927
8,69.131264,-13.193429,-0.031552,-3.912549,0.159900,-4.194786,0.191410
9,69.041283,-13.175526,-0.049527,-4.211912,0.135120,-4.204012,0.188096
10,68.858292,-13.137419,-0.084964,-4.579052,0.183600,-4.221077,0.182477
11,68.740303,-13.110646,-0.107491,-4.735571,0.180175,-4.229879,0.179175
12,68.664314,-13.092335,-0.121991,-4.301925,0.163967,-4.234479,0.177058
13,68.566322,-13.067706,-0.140944,-4.083004,0.170732,-4.239395,0.174072
14,68.462334,-13.040220,-0.161121,-4.139750,0.194621,-4.243263,0.170839
15,68.365349,-13.013132,-0.179701,-4.555183,0.182296,-4.245416,0.168062
-1,-0.301505,-9.339910,0.162944,-0.038529,0.000000,-4.245415,0.168062
