92240,84.745514,-10.552922,2.401789,0.444165,-0.207746,0.426582,-0.137855,92236
92240,84.654533,-10.505059,2.421752,0.549696,-0.129909,0.438995,-0.116851,92145
92240,84.482552,-10.454972,2.465327,0.545219,-0.056548,0.422069,-0.071309,91973
92240,84.306564,-10.487283,2.522120,0.158779,-0.009865,0.321185,-0.012504,91804
92240,84.222580,-10.533103,2.553482,0.158779,-0.009865,0.242640,0.019818,91713
92240,84.049591,-10.659910,2.622903,-0.427113,0.197466,0.048428,0.091218,91540
92240,83.955605,-10.744105,2.664416,-0.464972,0.150184,-0.072389,0.133806,91446
92240,83.781616,-10.906375,2.745005,-0.267120,0.305356,-0.302453,0.216385,91277
92240,83.509644,-11.094800,2.882009,-0.592931,0.357028,-0.596852,0.356499,91006
92240,83.415680,-11.123938,2.932373,-0.926587,0.428419,-0.662603,0.407938,90912
92240,83.245697,-11.147497,3.026143,-0.553288,0.501420,-0.752396,0.503652,90743
92240,83.154716,-11.138514,3.078440,-0.321033,0.518082,-0.778863,0.556989,90651
-1,-0.389650,-10.979505,0.011437,2.539644,0.000000,0.000000,0.000000,0.000000
