0,22.270237,0.368570,-0.501872,-0.489927,0.303935,-0.618718,0.303245
1,22.059221,0.368561,-0.501862,-0.634798,0.314154,-0.627263,0.304465
2,21.908213,0.368554,-0.501855,-0.627954,0.301592,-0.633379,0.305338
3,21.763205,0.368547,-0.501847,-0.853753,0.341442,-0.639252,0.306178
4,21.687191,0.368543,-0.501842,-0.682865,0.293011,-0.642331,0.306618
5,21.540186,0.368535,-0.501833,-0.682865,0.293011,-0.648286,0.307470
6,21.330164,0.368522,-0.501820,-0.538187,0.319224,-0.656795,0.308688
7,21.047134,0.368503,-0.501799,-0.738804,0.308855,-0.668264,0.310332
8,20.913128,0.368493,-0.501787,-0.448377,0.324082,-0.673695,0.311111
9,20.764118,0.368481,-0.501774,-0.587255,0.310870,-0.679735,0.311979
10,20.614109,0.368468,-0.501760,-0.795959,0.337540,-0.685817,0.312853
11,20.474100,0.368455,-0.501746,-0.687621,0.305556,-0.691494,0.313670
-1,-0.040455,0.987287,0.005734,-0.805117,0.000000,-0.691494,0.313670
