0,23.341711,-0.969374,0.688290,1.072144,0.007497,1.062837,0.011175
1,23.310705,-0.960726,0.704094,1.063076,0.049165,1.058299,0.029865
2,23.268698,-0.948803,0.724259,1.063076,0.049165,1.052359,0.053940
3,23.238695,-0.940145,0.737822,1.026327,0.074469,1.048258,0.070296
4,23.210690,-0.931913,0.749593,1.016057,0.084746,1.044580,0.084673
5,23.177685,-0.922057,0.762567,1.016057,0.084746,1.040400,0.100720
6,23.144680,-0.912021,0.774544,1.012036,0.166005,1.036400,0.115769
7,23.046667,-0.881170,0.804092,1.087583,0.223008,1.025570,0.154440
8,22.743629,-0.775353,0.833337,1.087583,0.223008,1.002517,0.211892
9,22.642614,-0.736368,0.820923,0.998685,0.199613,0.998544,0.208882
10,22.567606,-0.706236,0.805240,0.998685,0.199613,0.996778,0.200181
-1,-0.425262,-2.032211,0.093082,0.677115,0.000000,0.996778,0.200181
