74709,67.210487,-6.239780,1.893656,-0.608583,0.268430,-0.607085,0.198491,74705
74709,67.131500,-6.180712,1.920310,-0.872828,0.258217,-0.603623,0.235365,74620
74709,66.950508,-6.057624,1.953052,-0.560689,0.291368,-0.607951,0.291525,74440
74709,66.860519,-6.007695,1.949181,-0.701994,0.277802,-0.621373,0.299298,74350
74709,66.680527,-5.917990,1.927744,-1.275522,0.286519,-0.658380,0.301150,74176
74709,66.597542,-5.879394,1.914735,-1.048674,0.276717,-0.678204,0.298878,74086
74709,66.418549,-5.795765,1.885404,-0.725460,0.261491,-0.720584,0.292707,73913
74709,66.327568,-5.751641,1.868953,-0.658552,0.292161,-0.740510,0.288028,73816
74709,66.151581,-5.665482,1.835042,-0.673063,0.333320,-0.778243,0.276888,73640
74709,66.063591,-5.623489,1.813005,-0.757045,0.277987,-0.798194,0.266236,73552
74709,65.882599,-5.538806,1.760930,-0.743985,0.199891,-0.840927,0.237578,73371
74709,65.784607,-5.493707,1.728774,-0.627378,0.215884,-0.864813,0.218102,73273
74709,65.688614,-5.448785,1.695713,-0.988670,0.172738,-0.887469,0.197461,73183
74709,65.514626,-5.364127,1.633408,-0.928822,0.164832,-0.925296,0.157668,73009
74709,65.417648,-5.312638,1.598501,-0.986794,0.136186,-0.942078,0.135308,72912
-1,-0.703987,-5.632695,0.129389,1.695165,0.000000,0.000000,0.000000,0.000000
