0,32.190422,-5.625595,-0.929569,-0.814891,0.238210,-0.508724,0.238607
1,32.026447,-5.460837,-0.834108,-0.438284,0.388748,-0.460564,0.319452
2,31.699440,-5.101369,-0.624756,-0.134847,0.419233,-0.333620,0.499656
3,31.669436,-5.070874,-0.605758,-0.030307,0.407513,-0.324459,0.515981
4,31.487427,-4.891506,-0.491559,-0.152340,0.490945,-0.274512,0.613957
5,31.294394,-4.725368,-0.377729,-0.326831,0.958934,-0.245634,0.710580
6,31.125385,-4.594823,-0.285210,-0.326831,0.958934,-0.235265,0.788035
7,31.024374,-4.528694,-0.236348,-0.902103,1.086653,-0.240961,0.827894
8,30.858366,-4.430707,-0.161795,-0.639203,0.977129,-0.261017,0.887650
9,30.768351,-4.381859,-0.126295,-0.237263,0.976174,-0.276175,0.915127
10,30.590340,-4.288029,-0.064824,-0.291168,0.938320,-0.308923,0.960731
11,30.503326,-4.245431,-0.050284,-0.433755,0.960580,-0.328198,0.967515
12,30.325315,-4.163299,-0.046844,-0.269022,0.885639,-0.372643,0.955088
-1,-0.711066,-5.116870,-0.089134,-1.168176,0.000000,-0.372643,0.955088
