0,36.726738,-9.475900,-0.244294,-0.999054,0.520014,-1.039054,0.297888
1,36.557751,-9.350641,-0.306910,-0.945457,0.387734,-0.954418,0.293460
2,36.467770,-9.278085,-0.361382,-1.258232,0.271098,-0.903493,0.269971
3,36.291786,-9.129275,-0.489378,-1.390255,0.233654,-0.796988,0.202571
4,36.104839,-8.954140,-0.652827,-0.972149,-0.052610,-0.666793,0.103494
5,35.928852,-8.777614,-0.817813,-0.401427,-0.216621,-0.532572,-0.000894
6,35.839870,-8.680518,-0.905639,-0.111506,-0.273919,-0.456867,-0.058081
7,35.658890,-8.474051,-1.083175,0.335910,-0.271671,-0.293905,-0.173300
8,35.576912,-8.374104,-1.143573,0.293748,-0.324702,-0.213665,-0.205470
9,35.294930,-8.024905,-1.296587,0.497712,-0.262119,0.067747,-0.261389
10,35.120945,-7.838973,-1.230883,0.209250,-0.097759,0.211855,-0.135777
11,35.028973,-7.751059,-1.139494,-0.436123,0.141053,0.277660,-0.012719
12,34.862988,-7.600666,-0.922532,-0.157642,0.373083,0.388152,0.261396
-1,-0.240391,-8.436846,0.344331,-0.542182,0.000000,0.388152,0.261396
