57772,50.063972,0.537437,0.230657,0.320812,0.324400,0.293526,0.335457
57772,49.909992,0.537437,0.230657,0.297071,0.336966,0.296573,0.336131
57772,49.758011,0.537437,0.230657,0.210787,0.368336,0.299581,0.336797
57772,49.602024,0.537437,0.230657,0.247111,0.362870,0.302668,0.337480
57772,49.359047,0.537437,0.230657,0.356144,0.336852,0.307476,0.338543
57772,49.220062,0.537437,0.230657,0.310094,0.335050,0.310227,0.339152
57772,49.071075,0.537437,0.230657,0.323083,0.315113,0.313175,0.339804
57772,48.922089,0.537437,0.230657,0.246957,0.344283,0.316124,0.340457
57772,48.760101,0.537437,0.230657,0.261663,0.342187,0.319330,0.341166
57772,48.593117,0.537437,0.230657,0.261663,0.342187,0.322634,0.341897
57772,48.441132,0.537437,0.230657,0.320978,0.342398,0.325642,0.342563
57772,48.295147,0.537437,0.230657,0.332831,0.349489,0.328531,0.343202
-1,0.019790,0.243911,0.004379,-0.104800,0.000000,0.328531,0.343202
