0,46.051216,-16.227175,0.244375,-2.100844,0.654833,-0.977496,0.652756
1,46.019222,-16.224756,0.255970,-1.066445,0.717490,-1.009555,0.660704
2,45.855240,-16.207729,0.314747,-1.066445,0.717490,-1.169238,0.700788
3,45.757267,-16.196030,0.337513,-0.856827,0.639724,-1.263115,0.712387
4,45.584282,-16.174318,0.360738,-0.658001,0.583415,-1.427815,0.715894
5,45.501301,-16.163141,0.357087,-1.556801,0.533694,-1.506060,0.702783
6,45.319313,-16.137440,0.331556,-2.385266,0.718699,-1.676471,0.656508
7,45.225342,-16.122543,0.305867,-1.958832,0.501933,-1.762840,0.620107
8,44.759457,-15.992921,0.136444,-2.162685,0.383716,-2.135262,0.397579
9,44.656483,-15.941649,0.092790,-2.162685,0.383716,-2.194957,0.342186
10,44.492496,-15.846663,0.020066,-1.791780,0.250323,-2.276685,0.250770
11,44.397522,-15.780375,-0.025548,-1.232846,0.228051,-2.312742,0.194330
12,44.224541,-15.648485,-0.112465,-0.915615,-0.155098,-2.367260,0.087695
-1,-1.077615,-15.249679,-0.113989,-0.408381,0.000000,-2.367260,0.087695
