42683,34.975494,0.537437,0.230657,0.297071,0.336966,0.322038,0.327769
42683,34.821507,0.537437,0.230657,0.327984,0.323448,0.322184,0.328558
42683,34.663521,0.537437,0.230657,0.344258,0.329844,0.322333,0.329367
42683,34.513538,0.537437,0.230657,0.355587,0.328121,0.322475,0.330136
42683,34.357552,0.537437,0.230657,0.388501,0.314256,0.322623,0.330935
42683,34.003567,0.537437,0.230657,0.284406,0.338814,0.322958,0.332748
42683,33.907570,0.537437,0.230657,0.323046,0.333125,0.323049,0.333240
42683,33.755585,0.537437,0.230657,0.272436,0.349799,0.323193,0.334018
42683,33.602600,0.537437,0.230657,0.320978,0.342398,0.323338,0.334802
42683,33.449615,0.537437,0.230657,0.323009,0.351138,0.323483,0.335585
42683,33.298630,0.537437,0.230657,0.367295,0.308686,0.323626,0.336359
42683,33.141647,0.537437,0.230657,0.333277,0.322587,0.323774,0.337163
-1,0.000947,0.215399,0.005122,-0.097113,0.000000,0.323774,0.337163
