72293,64.587486,0.537437,0.230657,0.378483,0.342039,0.329728,0.341647
72293,64.430489,0.537437,0.230657,0.310949,0.334827,0.325931,0.340842
72293,64.289505,0.537437,0.230657,0.296923,0.346046,0.322520,0.340119
72293,64.147514,0.537437,0.230657,0.320812,0.324400,0.319086,0.339390
72293,64.001534,0.537437,0.230657,0.345643,0.338493,0.315554,0.338642
72293,63.868546,0.537437,0.230657,0.284182,0.338846,0.312337,0.337960
72293,63.733559,0.537437,0.230657,0.378766,0.324455,0.309072,0.337267
72293,63.601570,0.537437,0.230657,0.284182,0.338846,0.305879,0.336591
72293,63.463585,0.537437,0.230657,0.333039,0.340544,0.302541,0.335883
72293,63.219601,0.537437,0.230657,0.296974,0.327826,0.296639,0.334632
72293,63.126606,0.537437,0.230657,0.332886,0.322643,0.294390,0.334155
72293,63.046623,0.537437,0.230657,0.271643,0.359075,0.292455,0.333745
72293,62.907639,0.537437,0.230657,0.271643,0.359075,0.289093,0.333032
72293,62.770649,0.537437,0.230657,0.366657,0.317555,0.285779,0.332329
-1,-0.024190,0.207708,-0.005128,-0.110990,0.000000,0.285779,0.332329
