72722,65.223679,-5.201501,1.532685,0.064545,-0.062987,-0.091738,-0.037861,72719
72722,65.045692,-5.091563,1.476922,-0.176761,-0.035903,-0.116552,-0.033176,72541
72722,64.965706,-5.037646,1.454642,-0.223004,-0.025081,-0.123194,-0.028290,72454
72722,64.778725,-4.905547,1.406404,0.204798,-0.011607,-0.132658,-0.013026,72274
72722,64.418762,-4.609391,1.341387,0.018739,-0.042137,-0.109030,0.044208,71907
72722,64.328773,-4.525734,1.331623,-0.737022,0.177244,-0.093504,0.065006,71817
72722,64.147781,-4.349393,1.317876,-0.218403,0.173957,-0.054191,0.112728,71642
72722,63.782822,-3.978766,1.319402,0.107468,0.267114,0.040124,0.238202,71271
72722,63.616844,-3.833033,1.335957,0.052221,0.314663,0.060196,0.311127,71105
72722,63.526871,-3.765071,1.348247,0.052221,0.314663,0.060039,0.353974,71022
72722,63.344883,-3.641534,1.376557,0.153534,0.338295,0.045793,0.444091,70839
-1,-0.757100,-5.109764,0.339622,1.570546,0.000000,0.000000,0.000000,0.000000
