53770,46.068398,0.537437,0.230657,0.232572,0.346314,0.286128,0.342793
53770,45.992413,0.537437,0.230657,0.297114,0.318746,0.289078,0.342632
53770,45.843430,0.537437,0.230657,0.297114,0.318746,0.294862,0.342315
53770,45.700443,0.537437,0.230657,0.271643,0.359075,0.300413,0.342011
53770,45.560455,0.537437,0.230657,0.236552,0.355146,0.305847,0.341714
53770,45.415474,0.537437,0.230657,0.310052,0.353167,0.311475,0.341405
53770,45.272491,0.537437,0.230657,0.333039,0.340544,0.317026,0.341102
53770,45.126503,0.537437,0.230657,0.323046,0.333125,0.322693,0.340791
53770,44.980522,0.537437,0.230657,0.355587,0.328121,0.328361,0.340481
53770,44.824539,0.537437,0.230657,0.398736,0.338699,0.334416,0.340149
53770,44.610558,0.537437,0.230657,0.178170,0.353928,0.342723,0.339695
53770,44.529560,0.537437,0.230657,0.300030,0.345675,0.345867,0.339523
53770,44.369576,0.537437,0.230657,0.367257,0.326331,0.352078,0.339182
53770,44.229588,0.537437,0.230657,0.284182,0.338846,0.357512,0.338885
-1,0.038821,0.251308,-0.002125,-0.112137,0.000000,0.357512,0.338885
