23221,15.735800,0.000000,0.000000,-0.213710,-0.185064,-0.215063,-0.176202,23217
23221,15.560800,0.000000,0.000000,-0.208681,-0.152175,-0.213271,-0.175903,23042
23221,15.358801,0.000000,0.000000,-0.240610,-0.175466,-0.211202,-0.175558,22841
23221,15.250802,0.000000,0.000000,-0.358501,-0.181067,-0.210095,-0.175374,22738
23221,15.156803,0.000000,0.000000,-0.208687,-0.173915,-0.209133,-0.175213,22638
23221,14.769809,0.000000,0.000000,-0.208687,-0.173915,-0.205169,-0.174552,22251
23221,14.590810,0.000000,0.000000,-0.177083,-0.172360,-0.203335,-0.174247,22072
23221,14.390814,0.000000,0.000000,-0.177088,-0.193905,-0.201287,-0.173905,21872
23221,14.290814,0.000000,0.000000,-0.208687,-0.173915,-0.200263,-0.173734,21772
23221,14.191817,0.000000,0.000000,-0.247202,-0.186789,-0.199249,-0.173565,21673
23221,14.089820,0.000000,0.000000,-0.170931,-0.161285,-0.198204,-0.173391,21572
-1,0.010243,0.215063,0.001708,0.176202,0.000000,0.000000,0.000000,0.000000
