42370,34.663521,0.537437,0.230657,0.344258,0.329844,0.350345,0.330053
42370,34.513538,0.537437,0.230657,0.355587,0.328121,0.348780,0.330035
42370,34.357552,0.537437,0.230657,0.388501,0.314256,0.347152,0.330017
42370,34.003567,0.537437,0.230657,0.284406,0.338814,0.343457,0.329974
42370,33.907570,0.537437,0.230657,0.323046,0.333125,0.342455,0.329963
42370,33.755585,0.537437,0.230657,0.272436,0.349799,0.340869,0.329944
42370,33.602600,0.537437,0.230657,0.320978,0.342398,0.339272,0.329926
42370,33.449615,0.537437,0.230657,0.323009,0.351138,0.337675,0.329908
42370,33.298630,0.537437,0.230657,0.367295,0.308686,0.336099,0.329890
42370,33.141647,0.537437,0.230657,0.333277,0.322587,0.334461,0.329871
42370,32.983662,0.537437,0.230657,0.333277,0.322587,0.332812,0.329852
42370,32.832676,0.537437,0.230657,0.388461,0.331722,0.331236,0.329834
-1,-0.010437,0.187091,-0.000120,-0.099397,0.000000,0.331236,0.329834
