78180,70.688095,-6.734799,2.022401,-0.546001,-0.152964,-0.533530,-0.133586,78177
78180,70.518112,-6.787458,2.062723,-0.726599,-0.086792,-0.631170,-0.106030,78007
78180,70.151154,-6.916018,2.206982,-0.573084,0.345214,-0.856834,0.010667,77640
78180,69.785187,-7.078086,2.209981,-1.181408,0.072855,-1.115743,-0.013820,77274
78180,69.689209,-7.127447,2.167668,-0.881310,-0.182065,-1.190501,-0.063342,77184
78180,69.514221,-7.220190,2.067227,-0.493187,-0.258714,-1.329549,-0.176926,77009
78180,69.427238,-7.260108,2.010666,-0.924794,-0.299472,-1.392485,-0.240019,76916
78180,69.251244,-7.328459,1.890830,-1.346778,-0.373961,-1.507407,-0.373074,76740
78180,69.161255,-7.345988,1.827272,-1.679725,-0.444165,-1.548749,-0.443391,76656
78180,68.979271,-7.357669,1.697433,-2.117815,-0.581668,-1.608586,-0.586898,76473
78180,68.894295,-7.342247,1.635187,-1.632834,-0.620542,-1.615650,-0.655526,76389
-1,-0.264618,-6.201269,-0.075107,2.155987,0.000000,0.000000,0.000000,0.000000
