0,57.492603,-6.082232,0.836217,-4.657989,0.425902,-4.442903,0.323078
1,57.324615,-5.841059,0.742764,-4.530414,0.260316,-4.366524,0.246979
2,57.229645,-5.699585,0.685279,-3.881949,0.200075,-4.318216,0.199304
3,57.055660,-5.446690,0.574963,-4.329273,0.161121,-4.235998,0.106960
4,56.962685,-5.336098,0.510999,-4.122878,-0.130215,-4.216614,0.052601
5,56.787701,-5.153637,0.386005,-4.197662,-0.098312,-4.205811,-0.054317
6,56.583759,-4.980083,0.256404,-3.981446,-0.328093,-4.232321,-0.162852
7,56.420769,-4.838731,0.197790,-3.981446,-0.328093,-4.250861,-0.204628
8,56.332787,-4.755701,0.204480,-4.344776,-0.189441,-4.254140,-0.188850
9,56.154804,-4.579407,0.260189,-4.071195,-0.131915,-4.252445,-0.114755
10,55.789879,-4.160250,0.493539,-4.199888,0.262704,-4.191277,0.156292
11,55.687904,-4.032486,0.567649,-4.168953,0.262790,-4.163549,0.240935
-1,-0.980990,-1.639329,0.103300,0.513139,0.000000,-4.163548,0.240935
