11642,3.936010,0.000000,0.000000,0.210434,0.292820,0.210778,0.291762
11642,3.797009,0.000000,0.000000,0.243441,0.326228,0.225607,0.290447
11642,3.644008,0.000000,0.000000,0.156986,0.318300,0.241930,0.289000
11642,3.289004,0.000000,0.000000,0.101268,0.324877,0.279802,0.285643
11642,3.195004,0.000000,0.000000,0.344826,0.285235,0.289830,0.284754
11642,3.045003,0.000000,0.000000,0.305577,0.281351,0.305832,0.283336
11642,2.893002,0.000000,0.000000,0.364909,0.273863,0.322048,0.281898
11642,2.750001,0.000000,0.000000,0.345711,0.231783,0.337303,0.280546
11642,2.676000,0.000000,0.000000,0.344859,0.267404,0.345198,0.279846
11642,2.539999,0.000000,0.000000,0.344859,0.267404,0.359706,0.278560
11642,2.400998,0.000000,0.000000,0.357196,0.283606,0.374535,0.277245
11642,2.260997,0.000000,0.000000,0.322459,0.279177,0.389470,0.275921
11642,2.119996,0.000000,0.000000,0.414038,0.284506,0.404513,0.274588
-1,0.106681,-0.210778,-0.009457,-0.291762,0.000000,0.404512,0.274588
