43664,35.957401,0.537437,0.230657,0.286271,0.347741,0.279662,0.342006
43664,35.807419,0.537437,0.230657,0.336112,0.331167,0.287540,0.339674
43664,35.724442,0.537437,0.230657,0.221170,0.338553,0.291899,0.338385
43664,35.569454,0.537437,0.230657,0.221170,0.338553,0.300040,0.335976
43664,35.426468,0.537437,0.230657,0.333081,0.322615,0.307551,0.333754
43664,35.084488,0.537437,0.230657,0.345467,0.320796,0.325516,0.328438
43664,34.975494,0.537437,0.230657,0.297071,0.336966,0.331241,0.326744
43664,34.821507,0.537437,0.230657,0.327984,0.323448,0.339330,0.324351
43664,34.663521,0.537437,0.230657,0.344258,0.329844,0.347629,0.321895
43664,34.513538,0.537437,0.230657,0.355587,0.328121,0.355507,0.319564
43664,34.357552,0.537437,0.230657,0.388501,0.314256,0.363701,0.317140
-1,0.052530,0.257775,-0.015543,-0.111349,0.000000,0.363701,0.317140
