136509,129.009537,-0.072808,1.005876,-1.277549,0.171720,-0.596353,0.192617,136505
136509,128.910538,0.080085,0.812784,-1.047458,0.061944,-0.562013,0.065283,136406
136509,128.740555,0.379758,0.466604,-0.931637,-0.240210,-0.465897,-0.167989,136242
136509,128.644547,0.586520,0.264192,-0.376342,-0.427466,-0.374107,-0.306629,136140
136509,128.477539,0.979625,-0.087580,0.158989,-0.548837,-0.180995,-0.547469,135973
136509,128.377563,1.230375,-0.279394,0.634953,-0.458579,-0.049968,-0.672876,135873
136509,128.278564,1.478471,-0.449866,0.598934,-0.536652,0.079575,-0.777590,135774
136509,128.176575,1.723846,-0.598726,0.637605,-0.587790,0.202816,-0.858705,135672
136509,127.973572,2.172805,-0.806268,0.542677,-0.842635,0.408676,-0.931406,135476
136509,127.872589,2.375634,-0.862191,0.581974,-0.842635,0.490576,-0.920254,135372
136509,127.777596,2.557170,-0.893618,0.506871,-0.883281,0.558356,-0.888583,135273
136509,127.575630,2.885216,-0.840768,0.485307,-0.657233,0.644545,-0.701581,135071
136509,127.475639,3.019311,-0.768640,0.287055,-0.666068,0.658900,-0.563036,134971
136509,127.377663,3.128427,-0.677404,0.400778,-0.559001,0.650687,-0.406721,134873
136509,127.177689,3.269707,-0.457669,0.553565,-0.233798,0.552495,-0.054158,134673
-1,-1.197516,0.523545,0.664231,0.813259,0.000000,0.000000,0.000000,0.000000
