96977,89.483047,-13.560616,2.509590,0.051082,0.349725,0.167096,0.241764,96974
96977,89.391075,-13.574138,2.584613,0.051082,0.349725,0.097537,0.283208,96882
96977,89.215088,-13.601404,2.726213,0.040711,0.358400,-0.036954,0.360558,96706
96977,89.120110,-13.618150,2.790225,0.008138,0.366591,-0.111567,0.389894,96618
96977,88.943123,-13.651425,2.893159,-0.079807,0.431914,-0.252677,0.428212,96442
96977,88.683151,-13.712367,2.952526,-0.849319,0.492890,-0.472013,0.392666,96174
96977,88.507164,-13.762847,2.916599,-0.847492,-0.046611,-0.629717,0.292488,96006
96977,88.248192,-13.852288,2.746292,-0.847492,-0.046611,-0.876944,0.027634,95739
96977,88.157204,-13.887035,2.665770,-1.239830,-0.197758,-0.967128,-0.086107,95655
96977,87.980209,-13.954102,2.501880,-1.228343,-0.326036,-1.142033,-0.314617,95471
96977,87.889229,-13.972814,2.422101,-0.503742,-0.417736,-1.216177,-0.427612,95387
96977,87.717239,-13.983950,2.287980,-0.500259,-0.474531,-1.332102,-0.624524,95208
-1,-0.609276,-13.727712,-0.365089,2.267826,0.000000,0.000000,0.000000,0.000000
