26187,18.479986,0.537032,0.230747,0.321023,0.324370,0.320291,0.326223
26187,18.334978,0.537000,0.230754,0.300066,0.327476,0.317565,0.328213
26187,18.181969,0.536965,0.230762,0.333039,0.340544,0.314687,0.330313
26187,18.038960,0.536929,0.230770,0.344258,0.329844,0.311995,0.332276
26187,17.885948,0.536888,0.230779,0.210823,0.349442,0.309110,0.334377
26187,17.719940,0.536839,0.230790,0.356377,0.336816,0.305978,0.336657
26187,17.564932,0.536790,0.230801,0.258943,0.351788,0.303049,0.338788
26187,17.421923,0.536741,0.230812,0.276448,0.340060,0.300343,0.340754
26187,17.274912,0.536687,0.230824,0.286085,0.347768,0.297558,0.342776
26187,17.126904,0.536628,0.230838,0.297218,0.327792,0.294749,0.344812
26187,16.970896,0.536561,0.230853,0.297071,0.336966,0.291784,0.346960
26187,16.818890,0.536491,0.230869,0.272436,0.349799,0.288889,0.349054
26187,16.660881,0.536411,0.230886,0.286085,0.347768,0.285875,0.351232
-1,-0.018578,0.216741,0.013671,-0.095476,0.000000,0.285874,0.351232
