0,51.874409,1.139320,-0.762933,1.159877,-0.903092,1.152169,-0.899120
1,51.836414,1.129039,-0.802555,1.091202,-0.934371,1.147984,-0.925607
2,51.345520,0.969582,-1.086461,1.099599,-0.938617,1.067296,-1.039795
3,51.304523,0.954096,-1.089332,1.016882,-0.964861,1.058389,-1.028492
4,51.271530,0.941337,-1.088531,1.044785,-0.951963,1.050924,-1.016285
5,51.176552,0.903104,-1.070562,1.036425,-0.911210,1.027931,-0.965479
6,51.103561,0.872469,-1.042359,1.036425,-0.911210,1.009009,-0.912041
7,51.068565,0.857369,-1.024049,0.912656,-0.919468,0.999524,-0.881632
8,51.034569,0.842415,-1.003145,0.872565,-0.897998,0.990025,-0.848974
9,50.970581,0.813488,-0.954604,0.972076,-0.819844,0.971366,-0.778311
-1,0.160461,-0.012848,0.345730,0.136187,0.000000,0.971365,-0.778311
