107350,99.853912,-5.659960,0.289002,-1.328643,-0.354318,-1.595696,-0.328257,107347
107350,99.680923,-5.694577,0.345058,-2.082567,-0.251156,-1.745382,-0.250712,107179
107350,99.580956,-5.683007,0.383296,-2.091122,-0.274208,-1.800309,-0.200057,107079
107350,99.406967,-5.632693,0.456120,-0.994699,-0.043406,-1.865729,-0.105621,106905
107350,99.324982,-5.593847,0.494585,-1.413720,-0.078345,-1.881418,-0.056972,106817
107350,99.141998,-5.495588,0.584291,-1.905739,0.238484,-1.904875,0.055463,106641
107350,99.050018,-5.441767,0.628818,-1.467350,0.295824,-1.912238,0.111416,106548
107350,98.883026,-5.340204,0.702375,-2.480046,0.327074,-1.921754,0.205717,106375
107350,98.774055,-5.269009,0.736764,-2.023503,0.364163,-1.923045,0.253642,106272
107350,98.615067,-5.160872,0.774992,-2.065298,0.377805,-1.920663,0.311618,106113
107350,98.521088,-5.092595,0.785820,-2.105069,0.335691,-1.914900,0.334120,106014
107350,98.347099,-4.960971,0.792815,-1.773928,0.356458,-1.899010,0.362728,105839
107350,98.081116,-4.737701,0.764052,-1.478981,0.264892,-1.852667,0.367005,105573
-1,-0.665180,-4.064263,0.124217,0.617259,0.000000,0.000000,0.000000,0.000000
