73643,66.151581,-5.665482,1.835042,-0.673063,0.333320,-0.821168,0.288058,73640
73643,66.063591,-5.623489,1.813005,-0.757045,0.277987,-0.781833,0.274391,73552
73643,65.882599,-5.538806,1.760930,-0.743985,0.199891,-0.702615,0.239533,73371
73643,65.784607,-5.493707,1.728774,-0.627378,0.215884,-0.660475,0.216699,73273
73643,65.688614,-5.448785,1.695713,-0.988670,0.172738,-0.618451,0.192770,73183
73643,65.514626,-5.364127,1.633408,-0.928822,0.164832,-0.539047,0.147016,73009
73643,65.417648,-5.312638,1.598501,-0.986794,0.136186,-0.490487,0.121334,72912
73643,65.223679,-5.201501,1.532685,0.064545,-0.062987,-0.385207,0.073970,72719
73643,65.045692,-5.091563,1.476922,-0.176761,-0.035903,-0.280643,0.035139,72541
73643,64.965706,-5.037646,1.454642,-0.223004,-0.025081,-0.229142,0.020468,72454
73643,64.778725,-4.905547,1.406404,0.204798,-0.011607,-0.102689,-0.009983,72274
73643,64.418762,-4.609391,1.341387,0.018739,-0.042137,0.182597,-0.040758,71907
-1,-0.030197,-4.844314,0.095128,1.546985,0.000000,0.000000,0.000000,0.000000
