83809,76.315498,-8.432275,1.634962,-0.341542,-0.482510,-0.135736,-0.273028,83805
83809,76.223518,-8.362719,1.698880,-0.080452,-0.223251,-0.120087,-0.225769,83713
83809,76.052528,-8.226194,1.846871,0.020298,-0.168431,-0.083776,-0.108750,83542
83809,75.951553,-8.138338,1.944082,-0.063476,-0.015698,-0.055099,-0.029828,83442
83809,75.784561,-7.985874,2.109105,-0.372365,0.253674,-0.000506,0.104948,83274
83809,75.682579,-7.885865,2.201211,0.179905,0.355460,0.039734,0.178583,83178
83809,75.516586,-7.716856,2.339916,0.271732,0.319685,0.111458,0.287221,83012
83809,75.226601,-7.408707,2.538429,0.138737,0.396197,0.249653,0.433210,82812
83809,75.156624,-7.351311,2.572550,0.483568,0.444779,0.266037,0.454656,82652
83809,74.980629,-7.224134,2.645480,0.553268,0.492112,0.290067,0.495709,82476
83809,74.885651,-7.170335,2.665815,0.255546,0.546533,0.288201,0.498841,82375
83809,74.715660,-7.081932,2.677117,0.259375,0.514862,0.276977,0.479353,82205
83809,74.627670,-7.034293,2.653795,0.490136,0.428644,0.273047,0.440094,82117
83809,74.449677,-6.934711,2.572664,0.256341,0.317695,0.268311,0.326724,81941
-1,-0.586078,-8.296539,-0.181127,1.907990,0.000000,0.000000,0.000000,0.000000
