0,47.973167,0.784335,-0.993809,1.895820,-0.439911,1.919697,-0.439535
1,47.935173,0.849565,-1.020716,1.960494,-0.459221,1.969731,-0.458494
2,47.912174,0.888466,-1.036004,2.065140,-0.498051,1.999434,-0.468971
3,47.810192,1.055768,-1.095168,2.126673,-0.498363,2.125948,-0.506801
4,47.770199,1.119182,-1.114877,2.207970,-0.524217,2.173367,-0.518143
5,47.680214,1.256008,-1.150254,2.291669,-0.517873,2.274204,-0.534697
6,47.636219,1.320384,-1.163831,2.300356,-0.528120,2.320984,-0.539070
7,47.611221,1.355887,-1.170014,2.287806,-0.540484,2.346490,-0.540023
8,47.577225,1.403083,-1.176870,2.390040,-0.539728,2.380089,-0.539768
9,47.478241,1.533357,-1.186785,2.427549,-0.535526,2.470775,-0.528975
10,47.437244,1.584330,-1.186782,2.482606,-0.521511,2.505351,-0.520396
11,47.400249,1.628502,-1.184272,2.554952,-0.504397,2.534728,-0.510147
12,47.379253,1.652686,-1.181664,2.566130,-0.491214,2.550515,-0.503147
13,47.280270,1.758682,-1.159112,2.639679,-0.423969,2.616922,-0.459888
14,47.180286,1.852126,-1.119724,2.639679,-0.423969,2.670378,-0.399584
15,47.147289,1.879895,-1.103276,2.677730,-0.354712,2.684950,-0.376233
16,47.048313,1.952085,-1.043134,2.743249,-0.332494,2.717555,-0.295385
17,47.007317,1.977654,-1.014729,2.725839,-0.310437,2.726728,-0.258404
-1,-0.399946,-1.135362,0.209195,-0.554274,0.000000,2.726727,-0.258404
