27853,20.146091,0.537265,0.230695,0.333039,0.340544,0.296546,0.340743
27853,20.004084,0.537252,0.230698,0.297114,0.318746,0.296931,0.339675
27853,19.866072,0.537238,0.230701,0.333081,0.322615,0.297305,0.338636
27853,19.720062,0.537223,0.230704,0.232787,0.346284,0.297699,0.337538
27853,19.499056,0.537197,0.230710,0.297071,0.336966,0.298293,0.335876
27853,19.455051,0.537192,0.230711,0.309902,0.335077,0.298411,0.335545
27853,19.304043,0.537172,0.230716,0.309902,0.335077,0.298815,0.334410
27853,19.154034,0.537151,0.230721,0.272479,0.331382,0.299215,0.333283
27853,18.992022,0.537126,0.230726,0.297026,0.355188,0.299644,0.332066
27853,18.917011,0.537113,0.230729,0.284182,0.338846,0.299842,0.331502
27853,18.769003,0.537087,0.230735,0.284182,0.338846,0.300232,0.330391
27853,18.623995,0.537061,0.230741,0.409852,0.328156,0.300612,0.329303
27853,18.479986,0.537032,0.230747,0.321023,0.324370,0.300987,0.328223
27853,18.334978,0.537000,0.230754,0.300066,0.327476,0.301362,0.327135
-1,0.002805,0.240719,-0.007546,-0.110048,0.000000,0.301362,0.327135
