105843,98.347099,-4.960971,0.792815,-1.773928,0.356458,-1.385130,0.227788,105839
105843,98.081116,-4.737701,0.764052,-1.478981,0.264892,-1.366318,0.249752,105573
105843,97.982140,-4.646176,0.745833,-1.352261,0.250665,-1.350875,0.250409,105480
105843,97.814156,-4.483596,0.711023,-1.120889,0.197884,-1.317422,0.247637,105312
105843,97.713188,-4.377413,0.687713,-1.141050,0.222726,-1.288851,0.243583,105212
105843,97.547203,-4.194468,0.647699,-1.173164,0.209065,-1.233496,0.235224,105046
105843,97.453224,-4.081911,0.624195,-0.634238,0.176939,-1.193180,0.229644,104945
105843,97.280228,-3.864847,0.580412,-0.634238,0.176939,-1.109096,0.218854,104772
105843,97.194244,-3.747944,0.558201,-1.283104,0.238952,-1.058287,0.213041,104686
105843,97.010262,-3.485741,0.510000,-1.054701,0.216760,-0.937510,0.199928,104509
105843,96.916283,-3.339323,0.485052,-0.879894,0.236374,-0.863331,0.192903,104414
105843,96.743294,-3.056812,0.439071,-0.834613,0.248054,-0.713795,0.179914,104241
105843,96.553329,-2.718333,0.388640,-0.389303,0.160534,-0.521338,0.165713,104045
-1,-0.768687,-3.575841,0.190715,0.565027,0.000000,0.000000,0.000000,0.000000
