119277,111.779564,-14.729586,1.460696,-0.516995,0.447879,-1.340238,0.388502,119273
119277,111.572601,-14.507297,1.569891,-1.257455,0.539316,-1.349372,0.534857,119072
119277,111.480614,-14.402128,1.604478,-1.671658,0.661589,-1.347063,0.585960,118974
119277,111.313622,-14.203378,1.650665,-1.332942,0.611214,-1.335041,0.662130,118807
119277,111.041656,-13.845325,1.657543,-1.545254,0.653040,-1.281096,0.717839,118541
119277,110.672691,-13.280157,1.584313,-1.022236,0.613844,-1.128501,0.710857,118171
119277,110.572716,-13.107439,1.557500,-1.349642,0.688936,-1.067575,0.701994,118066
119277,110.405724,-12.805119,1.507719,-1.029930,0.694304,-0.951983,0.682196,117906
119277,110.311745,-12.620904,1.473742,-0.777579,0.608284,-0.872854,0.665094,117805
119277,110.143753,-12.276431,1.405327,-0.700570,0.667084,-0.716228,0.626842,117637
119277,110.042778,-12.053420,1.350282,-0.625548,0.611407,-0.606126,0.589926,117543
-1,-1.118188,-13.389348,0.179549,1.072194,0.000000,0.000000,0.000000,0.000000
