21274,13.572854,0.532503,0.231762,0.271455,0.340687,0.304078,0.335790
21274,13.427855,0.532124,0.231847,0.194441,0.351704,0.301756,0.337033
21274,13.279858,0.531708,0.231940,0.261663,0.342187,0.299357,0.338310
21274,13.204857,0.531482,0.231991,0.332881,0.331559,0.298126,0.338960
21274,13.052857,0.531003,0.232098,0.332881,0.331559,0.295611,0.340282
21274,12.900859,0.530487,0.232214,0.335150,0.322218,0.293058,0.341613
21274,12.754859,0.529952,0.232334,0.404698,0.302975,0.290566,0.342900
21274,12.611858,0.529386,0.232460,0.286085,0.347768,0.288084,0.344170
21274,12.467859,0.528774,0.232597,0.205377,0.283905,0.285542,0.345458
21274,12.312860,0.528063,0.232757,0.345349,0.267266,0.282755,0.346856
21274,12.142862,0.527219,0.232946,0.285358,0.347875,0.279633,0.348404
21274,11.982864,0.526353,0.233140,-0.624982,0.422101,0.276623,0.349877
21274,11.766865,0.525062,0.233429,0.129598,0.360444,0.272437,0.351893
-1,-0.013400,0.228425,0.007994,-0.104028,0.000000,0.272437,0.351893
