61798,54.095547,0.537437,0.230657,0.343996,0.347714,0.313317,0.347339
61798,53.868565,0.537437,0.230657,0.297071,0.336966,0.310701,0.345838
61798,53.735577,0.537437,0.230657,0.367073,0.326359,0.309168,0.344958
61798,53.594593,0.537437,0.230657,0.308639,0.344276,0.307543,0.344026
61798,53.441612,0.537437,0.230657,0.246957,0.344283,0.305780,0.343014
61798,53.280628,0.537437,0.230657,0.309902,0.335077,0.303925,0.341950
61798,53.126648,0.537437,0.230657,0.343996,0.347714,0.302150,0.340931
61798,53.047665,0.537437,0.230657,0.284133,0.357170,0.301240,0.340409
61798,52.899681,0.537437,0.230657,0.284133,0.357170,0.299535,0.339430
61798,52.747696,0.537437,0.230657,0.296864,0.336996,0.297783,0.338425
61798,52.599712,0.537437,0.230657,0.284182,0.338846,0.296078,0.337447
61798,52.452728,0.537437,0.230657,0.297071,0.336966,0.294384,0.336475
61798,52.318741,0.537437,0.230657,0.309902,0.335077,0.292839,0.335588
-1,-0.011525,0.224120,-0.006613,-0.116682,0.000000,0.292839,0.335588
