20760,13.052857,0.531003,0.232098,0.332881,0.331559,0.331496,0.324740
20760,12.900859,0.530487,0.232214,0.335150,0.322218,0.326999,0.322032
20760,12.754859,0.529952,0.232334,0.404698,0.302975,0.322640,0.319441
20760,12.611858,0.529386,0.232460,0.286085,0.347768,0.318329,0.316912
20760,12.467859,0.528774,0.232597,0.205377,0.283905,0.313946,0.314374
20760,12.312860,0.528063,0.232757,0.345349,0.267266,0.309176,0.311655
20760,12.142862,0.527219,0.232946,0.285358,0.347875,0.303880,0.308687
20760,11.982864,0.526353,0.233140,-0.624982,0.422101,0.298824,0.305909
20760,11.766865,0.525062,0.233429,0.129598,0.360444,0.291876,0.302187
20760,11.615867,0.524075,0.233650,0.488438,0.248432,0.286935,0.299604
20760,11.466867,0.523024,0.233885,0.399924,0.260344,0.281982,0.297072
20760,11.314868,0.521868,0.234144,0.285830,0.292889,0.276845,0.294508
-1,-0.026188,0.199508,-0.018572,-0.092642,0.000000,0.276845,0.294508
