0,163.444962,-1.620154,1.199992,3.356626,0.228516,3.366506,0.244631
1,163.394958,-1.661850,1.240653,3.298329,0.273741,3.287139,0.273935
2,163.299957,-1.737098,1.308939,2.980291,0.374411,3.140319,0.320643
3,163.161987,-1.848635,1.378447,2.980291,0.374411,2.924839,0.358813
4,163.064011,-1.932065,1.402201,2.767132,0.359664,2.767596,0.360313
5,162.992996,-1.994639,1.405925,2.650675,0.349547,2.651521,0.347908
6,162.927994,-2.052754,1.402016,2.650675,0.349547,2.544436,0.329235
7,162.837006,-2.134020,1.382760,2.587971,0.288518,2.394621,0.289313
8,162.785995,-2.178460,1.368269,2.437208,0.279855,2.311752,0.263235
9,162.681000,-2.262357,1.333226,1.795392,0.037462,2.148753,0.204344
10,162.569000,-2.337312,1.292796,1.795392,0.037462,1.989421,0.138475
-1,-0.753375,-4.986660,-0.227133,0.955361,0.000000,1.989421,0.138475
