0,5.762990,-16.311117,-0.959548,-5.477336,0.379608,-5.471281,0.485980
1,5.579997,-15.946665,-0.987879,-5.794799,0.476687,-5.376377,0.473903
2,5.398999,-15.561369,-1.018646,-5.191469,0.504484,-5.257690,0.459212
3,5.127004,-14.942101,-1.072688,-5.063438,0.372798,-5.039070,0.429328
4,5.032007,-14.720527,-1.093920,-4.771705,0.502958,-4.957425,0.416533
5,4.866009,-14.330999,-1.132857,-4.427804,0.407391,-4.812412,0.392340
6,4.767012,-14.093904,-1.158263,-4.883869,0.333246,-4.721138,0.375727
7,4.599014,-13.685973,-1.203657,-5.271358,0.491700,-4.560667,0.345255
8,4.499017,-13.438935,-1.232838,-4.347300,0.321060,-4.460924,0.324956
9,4.334019,-13.025114,-1.282429,-4.071372,0.243499,-4.290144,0.290020
10,4.233023,-12.755887,-1.311273,-4.001855,0.168902,-4.169684,0.270146
11,4.061025,-12.275154,-1.350221,-3.915614,0.185051,-3.942303,0.246475
12,3.965027,-11.983834,-1.356483,-3.955995,0.268421,-3.792387,0.248739
13,3.866025,-11.669072,-1.354598,-3.955995,0.268421,-3.623454,0.259418
-1,-1.472994,-10.839836,0.088820,-1.445528,0.000000,-3.623453,0.259418
