131087,123.582123,-5.071657,0.150596,-0.384503,0.366885,-0.012331,0.376006,131084
131087,123.411133,-4.701227,0.070930,0.094115,0.271939,0.104981,0.287804,130906
131087,123.328148,-4.511212,0.028508,0.319708,0.241659,0.172153,0.241239,130827
131087,123.142159,-4.075370,-0.071940,0.353196,0.255530,0.332674,0.131507,130638
131087,123.044174,-3.839086,-0.127391,0.154598,0.262906,0.423910,0.071165,130539
131087,122.943192,-3.592218,-0.186134,0.512932,0.206229,0.521293,0.007380,130448
131087,122.846207,-3.354028,-0.244868,0.743537,-0.115812,0.615916,-0.056195,130341
131087,122.377274,-2.365181,-0.502388,0.856707,-0.329987,0.910598,-0.337125,129882
131087,122.277290,-2.229824,-0.523092,0.869888,-0.376127,0.897949,-0.362821,129772
131087,122.171303,-2.119060,-0.528578,0.850522,-0.431888,0.851819,-0.373598,129673
131087,122.076317,-2.050978,-0.519388,0.833258,-0.363402,0.779293,-0.369150,129578
-1,-1.480307,-5.059326,-0.049922,-0.225411,0.000000,0.000000,0.000000,0.000000
