53402,45.700443,0.537437,0.230657,0.271643,0.359075,0.312073,0.356994
53402,45.560455,0.537437,0.230657,0.236552,0.355146,0.313241,0.355171
53402,45.415474,0.537437,0.230657,0.310052,0.353167,0.314451,0.353284
53402,45.272491,0.537437,0.230657,0.333039,0.340544,0.315644,0.351422
53402,45.126503,0.537437,0.230657,0.323046,0.333125,0.316863,0.349521
53402,44.980522,0.537437,0.230657,0.355587,0.328121,0.318081,0.347621
53402,44.824539,0.537437,0.230657,0.398736,0.338699,0.319383,0.345590
53402,44.610558,0.537437,0.230657,0.178170,0.353928,0.321169,0.342804
53402,44.529560,0.537437,0.230657,0.300030,0.345675,0.321845,0.341750
53402,44.369576,0.537437,0.230657,0.367257,0.326331,0.323180,0.339667
53402,44.229588,0.537437,0.230657,0.284182,0.338846,0.324348,0.337845
53402,44.087605,0.537437,0.230657,0.336112,0.331167,0.325533,0.335996
53402,43.936619,0.537437,0.230657,0.286085,0.347768,0.326793,0.334031
-1,0.008346,0.225364,-0.013019,-0.126337,0.000000,0.326793,0.334031
