0,97.141678,1.917953,1.492701,3.105279,-0.440035,3.097767,-0.360215
1,97.099686,1.901212,1.525754,3.066742,-0.326126,3.059477,-0.326002
2,97.002701,1.856127,1.605793,2.841175,-0.181060,2.964622,-0.243281
3,96.907722,1.808138,1.686120,2.841175,-0.181060,2.867893,-0.160328
4,96.864723,1.785761,1.722283,2.768606,-0.104136,2.823449,-0.122976
5,96.773743,1.736167,1.793884,2.729259,-0.055746,2.727166,-0.048860
6,96.738747,1.716314,1.819062,2.646732,0.022361,2.689355,-0.022715
7,96.642769,1.659007,1.878827,2.693836,0.046810,2.582794,0.039704
8,96.597771,1.630874,1.902814,2.652818,0.057155,2.531569,0.064935
9,96.436806,1.520941,1.959985,2.401616,0.125970,2.339033,0.126556
10,96.268837,1.390359,1.971730,2.078875,0.144204,2.122254,0.142945
-1,-0.513175,-1.179814,0.027647,1.852916,0.000000,2.122253,0.142945
