29308,21.607182,0.537357,0.230674,0.345428,0.338624,0.346399,0.326115
29308,21.460173,0.537351,0.230676,0.367257,0.326331,0.344445,0.325928
29308,21.297163,0.537343,0.230677,0.409169,0.302398,0.342278,0.325722
29308,21.149153,0.537335,0.230679,0.333277,0.322587,0.340309,0.325534
29308,21.002142,0.537327,0.230681,0.276412,0.358447,0.338353,0.325348
29308,20.857132,0.537318,0.230683,0.345467,0.320796,0.336423,0.325165
29308,20.712126,0.537309,0.230685,0.367217,0.343977,0.334492,0.324981
29308,20.565115,0.537299,0.230687,0.333277,0.322587,0.332535,0.324796
29308,20.427109,0.537289,0.230690,0.247154,0.344255,0.330696,0.324622
29308,20.283098,0.537277,0.230692,0.310094,0.335050,0.328776,0.324440
29308,20.146091,0.537265,0.230695,0.333039,0.340544,0.326949,0.324268
29308,20.004084,0.537252,0.230698,0.297114,0.318746,0.325055,0.324089
29308,19.866072,0.537238,0.230701,0.333081,0.322615,0.323213,0.323916
-1,-0.013249,0.190958,-0.001278,-0.095440,0.000000,0.323213,0.323916
