29604,21.903198,0.537369,0.230672,0.313920,0.325487,0.339625,0.325138
29604,21.751188,0.537363,0.230673,0.320978,0.342398,0.338766,0.326414
29604,21.607182,0.537357,0.230674,0.345428,0.338624,0.337953,0.327624
29604,21.460173,0.537351,0.230676,0.367257,0.326331,0.337122,0.328859
29604,21.297163,0.537343,0.230677,0.409169,0.302398,0.336199,0.330228
29604,21.149153,0.537335,0.230679,0.333277,0.322587,0.335361,0.331472
29604,21.002142,0.537327,0.230681,0.276412,0.358447,0.334528,0.332707
29604,20.857132,0.537318,0.230683,0.345467,0.320796,0.333706,0.333925
29604,20.712126,0.537309,0.230685,0.367217,0.343977,0.332883,0.335144
29604,20.565115,0.537299,0.230687,0.333277,0.322587,0.332048,0.336380
29604,20.427109,0.537289,0.230690,0.247154,0.344255,0.331264,0.337540
29604,20.283098,0.537277,0.230692,0.310094,0.335050,0.330444,0.338751
29604,20.146091,0.537265,0.230695,0.333039,0.340544,0.329664,0.339903
-1,-0.005610,0.197744,0.008390,-0.094466,0.000000,0.329664,0.339903
