66117,58.414112,0.537437,0.230657,0.320978,0.342398,0.322574,0.336801
66117,58.261131,0.537437,0.230657,0.309902,0.335077,0.320455,0.336830
66117,58.114147,0.537437,0.230657,0.296864,0.336996,0.318420,0.336857
66117,57.970161,0.537437,0.230657,0.272391,0.368216,0.316426,0.336884
66117,57.831177,0.537437,0.230657,0.320812,0.324400,0.314501,0.336910
66117,57.685192,0.537437,0.230657,0.332881,0.331559,0.312480,0.336937
66117,57.546207,0.537437,0.230657,0.333039,0.340544,0.310555,0.336963
66117,57.400219,0.537437,0.230657,0.378815,0.306910,0.308533,0.336991
66117,57.258236,0.537437,0.230657,0.246957,0.344283,0.306567,0.337017
66117,57.124245,0.537437,0.230657,0.284182,0.338846,0.304711,0.337042
66117,56.977261,0.537437,0.230657,0.332881,0.331559,0.302676,0.337070
66117,56.826279,0.537437,0.230657,0.321682,0.333234,0.300585,0.337098
66117,56.687290,0.537437,0.230657,0.296864,0.336996,0.298660,0.337124
66117,56.615311,0.537437,0.230657,0.296864,0.336996,0.297664,0.337137
-1,-0.013848,0.214863,0.000187,-0.106145,0.000000,0.297663,0.337137
