0,28.560179,-3.870322,-1.290212,-1.236003,-0.295990,-0.927733,0.130863
1,28.460165,-3.860419,-1.192077,-0.635230,-0.004495,-1.012990,0.193299
2,28.288155,-3.842424,-0.998984,-1.006335,0.335516,-1.158657,0.324993
3,28.191139,-3.831529,-0.899672,-2.051517,0.400418,-1.240069,0.389676
4,28.053131,-3.815305,-0.766449,-1.355491,0.431869,-1.355155,0.473636
5,27.993120,-3.807969,-0.715495,-0.965153,0.534824,-1.404918,0.503170
6,27.694069,-3.768759,-0.518752,-1.654266,0.632405,-1.650244,0.593167
7,27.593054,-3.754413,-0.476312,-1.970862,0.665417,-1.732012,0.599550
8,27.493038,-3.739812,-0.447668,-2.360497,0.674727,-1.812572,0.592493
9,27.391020,-3.724396,-0.430333,-2.252236,0.572782,-1.894223,0.573412
10,27.294003,-3.709224,-0.422287,-1.823673,0.541247,-1.971359,0.546829
11,27.191990,-3.692715,-0.421868,-1.652290,0.446021,-2.051912,0.510835
-1,-0.951467,-2.942589,-0.356949,-1.421075,0.000000,-2.051912,0.510835
