9827,2.119996,0.000000,0.000000,0.414038,0.284506,0.406996,0.284406
9827,1.951995,0.000000,0.000000,0.362124,0.309523,0.371690,0.284533
9827,1.882995,0.000000,0.000000,0.457186,0.278083,0.357190,0.284585
9827,1.816995,0.000000,0.000000,0.429348,0.316439,0.343320,0.284635
9827,1.746996,0.000000,0.000000,0.168687,0.288119,0.328609,0.284688
9827,1.679996,0.000000,0.000000,0.314518,0.271238,0.314529,0.284739
9827,1.613997,0.000000,0.000000,0.251763,0.260055,0.300659,0.284788
9827,1.543997,0.000000,0.000000,0.260200,0.249921,0.285949,0.284841
9827,1.483997,0.000000,0.000000,0.275874,0.303370,0.273340,0.284886
9827,1.417998,0.000000,0.000000,0.375573,0.272411,0.259470,0.284936
9827,1.322998,0.000000,0.000000,0.261239,0.286747,0.239505,0.285008
9827,1.286998,0.000000,0.000000,0.129332,0.292390,0.231940,0.285035
-1,-0.210152,-0.406996,0.000755,-0.284406,0.000000,0.231940,0.285035
