65971,58.261131,0.537437,0.230657,0.309902,0.335077,0.309644,0.336019
65971,58.114147,0.537437,0.230657,0.296864,0.336996,0.308602,0.336109
65971,57.970161,0.537437,0.230657,0.272391,0.368216,0.307581,0.336198
65971,57.831177,0.537437,0.230657,0.320812,0.324400,0.306596,0.336283
65971,57.685192,0.537437,0.230657,0.332881,0.331559,0.305561,0.336373
65971,57.546207,0.537437,0.230657,0.333039,0.340544,0.304576,0.336459
65971,57.400219,0.537437,0.230657,0.378815,0.306910,0.303541,0.336548
65971,57.258236,0.537437,0.230657,0.246957,0.344283,0.302535,0.336636
65971,57.124245,0.537437,0.230657,0.284182,0.338846,0.301585,0.336718
65971,56.977261,0.537437,0.230657,0.332881,0.331559,0.300543,0.336808
65971,56.826279,0.537437,0.230657,0.321682,0.333234,0.299473,0.336901
65971,56.687290,0.537437,0.230657,0.296864,0.336996,0.298487,0.336987
65971,56.615311,0.537437,0.230657,0.296864,0.336996,0.297977,0.337031
65971,56.470325,0.537437,0.230657,0.296864,0.336996,0.296949,0.337120
-1,-0.007089,0.227793,0.000615,-0.105362,0.000000,0.296949,0.337120
