109805,102.202667,-4.592192,0.485683,0.432089,0.257063,0.464282,0.257700,109802
109805,102.075676,-4.397115,0.567130,0.378747,0.271143,0.531633,0.297706,109574
109805,101.720703,-4.259602,0.786852,0.318891,0.466581,0.312121,0.401587,109213
109805,101.621727,-4.303569,0.831922,0.338584,0.434753,0.168605,0.414358,109114
109805,101.444733,-4.408601,0.890134,0.184881,0.423172,-0.114445,0.414811,108938
109805,101.278748,-4.520698,0.888994,-1.079076,0.350247,-0.393486,0.359504,108771
109805,101.186768,-4.588763,0.860835,-1.079076,0.350247,-0.554064,0.301329,108679
109805,101.015778,-4.722542,0.777026,-0.764300,-0.005582,-0.859821,0.161721,108514
109805,100.756805,-4.951473,0.565157,-0.640539,-0.133127,-1.349222,-0.134660,108256
109805,100.670822,-5.034179,0.487093,-0.267929,-0.398273,-1.518409,-0.240783,108163
109805,100.471832,-5.230055,0.307842,-0.200019,-0.448084,-1.914425,-0.484971,107971
109805,100.386848,-5.306066,0.264880,-2.190159,-0.675706,-2.075911,-0.555667,107879
-1,-1.005783,-5.056474,-0.326334,0.227983,0.000000,0.000000,0.000000,0.000000
