39553,31.852762,0.537437,0.230657,0.333039,0.340544,0.332825,0.340369
39553,31.698753,0.537437,0.230657,0.286085,0.347768,0.335159,0.339377
39553,31.536745,0.537437,0.230657,0.366828,0.335170,0.337613,0.338334
39553,31.390736,0.537437,0.230657,0.367295,0.308686,0.339826,0.337393
39553,31.241728,0.537437,0.230657,0.344258,0.329844,0.342084,0.336434
39553,31.163717,0.537437,0.230657,0.314041,0.343552,0.343266,0.335931
39553,31.030708,0.537437,0.230657,0.314041,0.343552,0.345281,0.335075
39553,30.898699,0.537437,0.230657,0.333235,0.340515,0.347281,0.334224
39553,30.722689,0.537437,0.230657,0.310094,0.335050,0.349948,0.333091
39553,30.570681,0.537437,0.230657,0.355787,0.328091,0.352251,0.332112
39553,30.421673,0.537437,0.230657,0.370373,0.299473,0.354509,0.331152
39553,30.273663,0.537436,0.230657,0.333277,0.322587,0.356751,0.330199
39553,30.115656,0.537436,0.230657,0.388746,0.340354,0.359145,0.329181
-1,0.015152,0.204611,-0.006441,-0.109712,0.000000,0.359145,0.329181
