118545,111.041656,-13.845325,1.657543,-1.545254,0.653040,-1.530790,0.654392,118541
118545,110.672691,-13.280157,1.584313,-1.022236,0.613844,-1.284658,0.677217,118171
118545,110.572716,-13.107439,1.557500,-1.349642,0.688936,-1.198386,0.676431,118066
118545,110.405724,-12.805119,1.507719,-1.029930,0.694304,-1.040459,0.670124,117906
118545,110.311745,-12.620904,1.473742,-0.777579,0.608284,-0.937506,0.660614,117805
118545,110.143753,-12.276431,1.405327,-0.700570,0.667084,-0.738291,0.635933,117637
118545,110.042778,-12.053420,1.350282,-0.625548,0.611407,-0.602591,0.607175,117543
118545,109.878784,-11.678563,1.243531,-0.371459,0.523264,-0.369535,0.543118,117378
118545,109.558807,-10.915779,0.953727,0.095240,0.333538,0.116573,0.336615,117152
118545,109.444809,-10.637506,0.841204,0.219455,0.271120,0.296274,0.253770,116938
118545,109.343819,-10.387486,0.737115,0.459704,0.176170,0.458972,0.175972,116844
118545,109.245842,-10.145209,0.636841,0.795146,-0.108159,0.616530,0.101206,116739
-1,-0.864675,-12.314534,0.260336,1.003151,0.000000,0.000000,0.000000,0.000000
