64827,57.124245,0.537437,0.230657,0.284182,0.338846,0.296864,0.336996
64827,56.977261,0.537437,0.230657,0.332881,0.331559,0.296864,0.336996
64827,56.826279,0.537437,0.230657,0.321682,0.333234,0.296864,0.336996
64827,56.687290,0.537437,0.230657,0.296864,0.336996,0.296864,0.336996
64827,56.615311,0.537437,0.230657,0.296864,0.336996,0.296864,0.336996
64827,56.470325,0.537437,0.230657,0.296864,0.336996,0.296864,0.336996
64827,56.326340,0.537437,0.230657,0.296864,0.336996,0.296864,0.336996
64827,56.193352,0.537437,0.230657,0.296864,0.336996,0.296864,0.336996
64827,56.039368,0.537437,0.230657,0.308639,0.344276,0.296864,0.336996
64827,55.882381,0.537437,0.230657,0.258723,0.351820,0.296864,0.336996
64827,55.739395,0.537437,0.230657,0.232525,0.365040,0.296864,0.336996
64827,55.591408,0.537437,0.230657,0.272277,0.331410,0.296864,0.336996
64827,55.442421,0.537437,0.230657,0.296864,0.336996,0.296864,0.336996
64827,55.285439,0.537437,0.230657,0.296864,0.336996,0.296864,0.336996
-1,0.000000,0.240573,0.000000,-0.106339,0.000000,0.296864,0.336996
