96010,88.507164,-13.762847,2.916599,-0.847492,-0.046611,-0.746349,-0.073864,96006
96010,88.248192,-13.852288,2.746292,-0.847492,-0.046611,-0.851057,-0.145665,95739
96010,88.157204,-13.887035,2.665770,-1.239830,-0.197758,-0.891168,-0.191578,95655
96010,87.980209,-13.954102,2.501880,-1.228343,-0.326036,-0.968668,-0.288145,95471
96010,87.889229,-13.972814,2.422101,-0.503742,-0.417736,-0.992743,-0.333318,95387
96010,87.717239,-13.983950,2.287980,-0.500259,-0.474531,-1.014018,-0.402019,95208
96010,87.620255,-13.960514,2.240314,-0.411441,-0.487991,-0.996300,-0.412795,95122
96010,87.447273,-13.886512,2.187261,-0.332533,-0.343537,-0.932495,-0.400051,94938
96010,87.359299,-13.821911,2.189694,-0.383084,-0.361126,-0.873080,-0.364156,94850
96010,87.192307,-13.670849,2.226120,-0.892474,-0.242209,-0.731862,-0.264211,94684
96010,87.093315,-13.556082,2.274053,-0.590503,-0.132920,-0.622930,-0.178624,94593
96010,86.910332,-13.322160,2.379989,-0.662919,-0.104432,-0.399795,-0.003088,94410
96010,86.730362,-13.067997,2.495965,-0.162540,0.180553,-0.156242,0.181343,94221
-1,-0.058950,-13.016498,0.380369,2.990462,0.000000,0.000000,0.000000,0.000000
